SEF	1.0.0
ID	DWRUK_ARDROSSAN
Name	Ardrossan
Lat	55.64029
Lon	-4.81653
Alt	
Source	DWR_UKMO
Link	
Vbl	ta
Stat	point
Units	C
Meta	Alias=Eglinton Arms Hotel|QC software=dataresqc v1.1.0
Year	Month	Day	Hour	Minute	Period	Value	Meta
1861	3	1	8	0	0	6.11111111111	orig=43F
1861	3	2	8	0	0	5	orig=41F
1861	3	4	8	0	0	5	orig=41F
1861	3	6	8	0	0	8.88888888889	orig=48F
1861	3	7	8	0	0	6.11111111111	orig=43F
1861	3	8	8	0	0	8.88888888889	orig=48F
1861	3	9	8	0	0	7.22222222222	orig=45F
1861	3	11	8	0	0	3.88888888889	orig=39F
1861	3	12	8	0	0	5	orig=41F
1861	3	13	8	0	0	5	orig=41F
1861	3	14	8	0	0	6.66666666667	orig=44F
1861	3	15	8	0	0	6.66666666667	orig=44F
1861	3	16	8	0	0	6.11111111111	orig=43F
1861	3	18	8	0	0	6.11111111111	orig=43F
1861	3	19	8	0	0	5	orig=41F
1861	3	20	8	0	0	5.55555555556	orig=42F
1861	3	21	8	0	0	3.33333333333	orig=38F
1861	3	22	8	0	0	6.66666666667	orig=44F
1861	3	23	8	0	0	7.77777777778	orig=46F
1861	3	25	8	0	0	6.11111111111	orig=43F
1861	3	26	8	0	0	7.22222222222	orig=45F
1861	3	27	8	0	0	7.22222222222	orig=45F
1861	3	28	8	0	0	6.66666666667	orig=44F
1861	3	29	8	0	0	7.22222222222	orig=45F
1861	3	30	8	0	0	5.55555555556	orig=42F
1861	4	1	8	0	0	6.66666666667	orig=44F
1861	4	2	8	0	0	8.88888888889	orig=48F
1861	4	3	8	0	0	7.22222222222	orig=45F
1861	4	6	8	0	0	7.77777777778	orig=46F
1861	4	9	8	0	0	6.66666666667	orig=44F
1861	4	10	8	0	0	7.77777777778	orig=46F
1861	4	11	8	0	0	8.88888888889	orig=48F
1861	4	12	8	0	0	5.55555555556	orig=42F
1861	4	15	8	0	0	7.22222222222	orig=45F
1861	4	16	8	0	0	7.22222222222	orig=45F
1861	4	17	8	0	0	7.22222222222	orig=45F
1861	4	18	8	0	0	7.22222222222	orig=45F
1861	4	19	8	0	0	7.77777777778	orig=46F
1861	4	20	8	0	0	7.77777777778	orig=46F
1861	4	23	8	0	0	8.33333333333	orig=47F
1861	4	24	8	0	0	9.44444444444	orig=49F
1861	4	25	8	0	0	10.5555555556	orig=51F
1861	4	27	8	0	0	6.66666666667	orig=44F
1861	4	29	8	0	0	7.77777777778	orig=46F
1861	4	30	8	0	0	9.44444444444	orig=49F
1861	5	1	8	0	0	10	orig=50F
1861	5	2	8	0	0	10.5555555556	orig=51F
1861	5	3	8	0	0	10.5555555556	orig=51F
1861	5	4	8	0	0	8.88888888889	orig=48F
1861	5	6	8	0	0	8.88888888889	orig=48F
1861	5	7	8	0	0	8.88888888889	orig=48F
1861	5	8	8	0	0	6.11111111111	orig=43F
1861	5	9	8	0	0	6.11111111111	orig=43F
1861	5	10	8	0	0	6.66666666667	orig=44F
1861	5	11	8	0	0	7.22222222222	orig=45F
1861	5	14	8	0	0	8.88888888889	orig=48F
1861	5	15	8	0	0	11.1111111111	orig=52F
1861	5	16	8	0	0	11.6666666667	orig=53F
1861	5	17	8	0	0	11.6666666667	orig=53F
1861	5	18	8	0	0	11.6666666667	orig=53F
1861	5	20	8	0	0	12.7777777778	orig=55F
1861	5	21	8	0	0	12.7777777778	orig=55F
1861	5	22	8	0	0	12.2222222222	orig=54F
1861	5	23	8	0	0	12.7777777778	orig=55F
1861	5	24	8	0	0	10.5555555556	orig=51F
1861	5	25	8	0	0	10.5555555556	orig=51F
1861	5	27	8	0	0	11.1111111111	orig=52F
1861	5	28	8	0	0	11.6666666667	orig=53F
1861	5	29	8	0	0	12.7777777778	orig=55F
1861	5	30	8	0	0	13.3333333333	orig=56F
1861	5	31	8	0	0	12.7777777778	orig=55F
1861	6	1	8	0	0	12.2222222222	orig=54F
1861	6	3	8	0	0	12.2222222222	orig=54F
1861	6	4	8	0	0	12.7777777778	orig=55F
1861	6	5	8	0	0	13.8888888889	orig=57F
1861	6	6	8	0	0	13.3333333333	orig=56F
1861	6	7	8	0	0	13.8888888889	orig=57F
1861	6	8	8	0	0	12.7777777778	orig=55F
1861	6	10	8	0	0	12.7777777778	orig=55F
1861	6	11	8	0	0	12.7777777778	orig=55F
1861	6	12	8	0	0	13.8888888889	orig=57F
1861	6	13	8	0	0	14.4444444444	orig=58F
1861	6	14	8	0	0	17.2222222222	orig=63F
1861	6	15	8	0	0	18.3333333333	orig=65F
1861	6	17	8	0	0	14.4444444444	orig=58F
1861	6	19	8	0	0	15.5555555556	orig=60F
1861	6	20	8	0	0	16.6666666667	orig=62F
1861	6	21	8	0	0	16.6666666667	orig=62F
1861	6	22	8	0	0	16.6666666667	orig=62F
1861	6	24	8	0	0	15	orig=59F
1861	6	25	8	0	0	15.5555555556	orig=60F
1861	6	26	8	0	0	15	orig=59F
1861	6	27	8	0	0	16.1111111111	orig=61F
1861	6	28	8	0	0	15.5555555556	orig=60F
1861	6	29	8	0	0	13.8888888889	orig=57F
1861	7	1	8	0	0	14.4444444444	orig=58F
1861	7	2	8	0	0	13.3333333333	orig=56F
1861	7	6	8	0	0	14.4444444444	orig=58F
1861	7	8	8	0	0	15.5555555556	orig=60F
1861	7	9	8	0	0	15.5555555556	orig=60F
1861	7	10	8	0	0	13.3333333333	orig=56F
1861	7	11	8	0	0	12.2222222222	orig=54F
1861	7	12	8	0	0	12.7777777778	orig=55F
1861	7	13	8	0	0	12.7777777778	orig=55F
1861	7	15	8	0	0	15	orig=59F
1861	7	16	8	0	0	13.8888888889	orig=57F
1861	7	17	8	0	0	14.4444444444	orig=58F
1861	7	18	8	0	0	12.7777777778	orig=55F
1861	7	19	8	0	0	13.3333333333	orig=56F
1861	7	20	8	0	0	13.8888888889	orig=57F
1861	7	22	8	0	0	15.5555555556	orig=60F
1861	7	23	8	0	0	15.5555555556	orig=60F
1861	7	24	8	0	0	15	orig=59F
1861	7	25	8	0	0	15	orig=59F
1861	7	26	8	0	0	13.8888888889	orig=57F
1861	7	27	8	0	0	15	orig=59F
1861	7	29	8	0	0	15	orig=59F
1861	7	30	8	0	0	15.5555555556	orig=60F
1861	7	31	8	0	0	13.8888888889	orig=57F
1861	8	1	8	0	0	14.4444444444	orig=58F
1861	8	2	8	0	0	15	orig=59F
1861	8	3	8	0	0	15	orig=59F
1861	8	5	8	0	0	15.5555555556	orig=60F
1861	8	6	8	0	0	15	orig=59F
1861	8	7	8	0	0	15	orig=59F
1861	8	8	8	0	0	15	orig=59F
1861	8	9	8	0	0	15	orig=59F
1861	8	10	8	0	0	15	orig=59F
1861	8	12	8	0	0	16.1111111111	orig=61F
1861	8	13	8	0	0	15	orig=59F
1861	8	14	8	0	0	15	orig=59F
1861	8	15	8	0	0	15.5555555556	orig=60F
1861	8	16	8	0	0	15	orig=59F
1861	8	17	8	0	0	14.4444444444	orig=58F
1861	8	19	8	0	0	14.4444444444	orig=58F
1861	8	20	8	0	0	14.4444444444	orig=58F
1861	8	21	8	0	0	13.8888888889	orig=57F
1861	8	22	8	0	0	14.4444444444	orig=58F
1861	8	23	8	0	0	14.4444444444	orig=58F
1861	8	24	8	0	0	13.8888888889	orig=57F
1861	8	26	8	0	0	15	orig=59F
1861	8	27	8	0	0	15	orig=59F
1861	8	28	8	0	0	15.5555555556	orig=60F
1861	8	29	8	0	0	14.4444444444	orig=58F
1861	8	30	8	0	0	12.7777777778	orig=55F
1861	8	31	8	0	0	13.3333333333	orig=56F
1861	9	2	8	0	0	14.4444444444	orig=58F
1861	9	3	8	0	0	14.4444444444	orig=58F
1861	9	4	8	0	0	14.4444444444	orig=58F
1861	9	5	8	0	0	14.4444444444	orig=58F
1861	9	6	8	0	0	14.4444444444	orig=58F
1861	9	7	8	0	0	13.8888888889	orig=57F
1861	9	9	8	0	0	13.8888888889	orig=57F
1861	9	10	8	0	0	13.3333333333	orig=56F
1861	9	11	8	0	0	12.7777777778	orig=55F
1861	9	12	8	0	0	13.8888888889	orig=57F
1861	9	13	8	0	0	14.4444444444	orig=58F
1861	9	14	8	0	0	13.3333333333	orig=56F
1861	9	16	8	0	0	12.7777777778	orig=55F
1861	9	17	8	0	0	12.2222222222	orig=54F
1861	9	18	8	0	0	12.7777777778	orig=55F
1861	9	19	8	0	0	11.6666666667	orig=53F
1861	9	20	8	0	0	12.7777777778	orig=55F
1861	9	21	8	0	0	13.3333333333	orig=56F
1861	9	23	8	0	0	11.1111111111	orig=52F
1861	9	24	8	0	0	11.6666666667	orig=53F
1861	9	25	8	0	0	11.6666666667	orig=53F
1861	9	26	8	0	0	11.1111111111	orig=52F
1861	9	27	8	0	0	10.5555555556	orig=51F
1861	9	28	8	0	0	12.7777777778	orig=55F
1861	9	30	8	0	0	12.7777777778	orig=55F
1861	10	1	8	0	0	12.7777777778	orig=55F
1861	10	2	8	0	0	12.7777777778	orig=55F
1861	10	3	8	0	0	11.6666666667	orig=53F
1861	10	4	8	0	0	8.88888888889	orig=48F
1861	10	7	8	0	0	12.2222222222	orig=54F
1861	10	8	8	0	0	13.8888888889	orig=57F
1861	10	9	8	0	0	12.7777777778	orig=55F
1861	10	10	8	0	0	11.6666666667	orig=53F
1861	10	11	8	0	0	15.5555555556	orig=60F
1861	10	12	8	0	0	13.3333333333	orig=56F
1861	10	14	8	0	0	13.8888888889	orig=57F
1861	10	15	8	0	0	12.2222222222	orig=54F
1861	10	16	8	0	0	10.5555555556	orig=51F
1861	10	17	8	0	0	8.88888888889	orig=48F
1861	10	18	8	0	0	10	orig=50F
1861	10	19	8	0	0	9.44444444444	orig=49F
1861	10	21	8	0	0	12.2222222222	orig=54F
1861	10	22	8	0	0	12.2222222222	orig=54F
1861	10	23	8	0	0	12.7777777778	orig=55F
1861	10	24	8	0	0	11.6666666667	orig=53F
1861	10	25	8	0	0	12.2222222222	orig=54F
1861	10	26	8	0	0	7.77777777778	orig=46F
1861	10	28	8	0	0	7.22222222222	orig=45F
1861	10	29	8	0	0	5.55555555556	orig=42F
1861	10	30	8	0	0	8.88888888889	orig=48F
1861	10	31	8	0	0	8.88888888889	orig=48F
1861	11	1	8	0	0	5.55555555556	orig=42F
1861	11	2	8	0	0	4.44444444444	orig=40F
1861	11	4	8	0	0	9.44444444444	orig=49F
1861	11	5	8	0	0	10	orig=50F
1861	11	6	8	0	0	5.55555555556	orig=42F
1861	11	7	8	0	0	7.22222222222	orig=45F
1861	11	8	8	0	0	6.66666666667	orig=44F
1861	11	9	8	0	0	0	orig=32F
1861	11	11	8	0	0	3.88888888889	orig=39F
1861	11	12	8	0	0	3.88888888889	orig=39F
1861	11	14	8	0	0	4.44444444444	orig=40F
1861	11	15	8	0	0	4.44444444444	orig=40F
1861	11	16	8	0	0	1.11111111111	orig=34F
1861	11	18	8	0	0	0.555555555556	orig=33F
1861	11	19	8	0	0	6.66666666667	orig=44F
1861	11	20	8	0	0	10	orig=50F
1861	11	21	8	0	0	10.5555555556	orig=51F
1861	11	22	8	0	0	7.22222222222	orig=45F
1861	11	23	8	0	0	2.77777777778	orig=37F
1861	11	25	8	0	0	8.88888888889	orig=48F
1861	11	26	8	0	0	7.77777777778	orig=46F
1861	11	27	8	0	0	6.11111111111	orig=43F
1861	11	28	8	0	0	5.55555555556	orig=42F
1861	11	29	8	0	0	10	orig=50F
1861	11	30	8	0	0	7.22222222222	orig=45F
1861	12	2	8	0	0	3.33333333333	orig=38F
1861	12	3	8	0	0	8.88888888889	orig=48F
1861	12	4	8	0	0	8.33333333333	orig=47F
1861	12	5	8	0	0	6.11111111111	orig=43F
1861	12	6	8	0	0	4.44444444444	orig=40F
1861	12	7	8	0	0	5	orig=41F
1861	12	9	8	0	0	6.66666666667	orig=44F
1861	12	10	8	0	0	8.33333333333	orig=47F
1861	12	11	8	0	0	8.33333333333	orig=47F
1861	12	12	8	0	0	9.44444444444	orig=49F
1861	12	13	8	0	0	11.1111111111	orig=52F
1861	12	14	8	0	0	8.88888888889	orig=48F
1861	12	16	8	0	0	10	orig=50F
1861	12	17	8	0	0	8.88888888889	orig=48F
1861	12	18	8	0	0	7.77777777778	orig=46F
1861	12	19	8	0	0	0.555555555556	orig=33F
1861	12	20	8	0	0	5.55555555556	orig=42F
1861	12	21	8	0	0	7.22222222222	orig=45F
1861	12	23	8	0	0	2.77777777778	orig=37F
1861	12	24	8	0	0	-0.555555555556	orig=31F
1861	12	26	8	0	0	-0.555555555556	orig=31F
1861	12	27	8	0	0	0.555555555556	orig=33F
1861	12	28	8	0	0	-1.11111111111	orig=30F
1861	12	30	8	0	0	2.22222222222	orig=36F
1861	12	31	8	0	0	1.11111111111	orig=34F
1862	1	1	8	0	0	0.555555555556	orig=33F
1862	1	2	8	0	0	3.88888888889	orig=39F
1862	1	3	8	0	0	6.66666666667	orig=44F
1862	1	4	8	0	0	5.55555555556	orig=42F
1862	1	6	8	0	0	2.22222222222	orig=36F
1862	1	7	8	0	0	6.66666666667	orig=44F
1862	1	8	8	0	0	8.33333333333	orig=47F
1862	1	9	8	0	0	8.88888888889	orig=48F
1862	1	10	8	0	0	7.77777777778	orig=46F
1862	1	11	8	0	0	3.88888888889	orig=39F
1862	1	13	8	0	0	3.88888888889	orig=39F
1862	1	14	8	0	0	4.44444444444	orig=40F
1862	1	15	8	0	0	5	orig=41F
1862	1	16	8	0	0	6.66666666667	orig=44F
1862	1	17	8	0	0	5.55555555556	orig=42F
1862	1	18	8	0	0	3.33333333333	orig=38F
1862	1	20	8	0	0	-0.555555555556	orig=31F
1862	1	21	8	0	0	0.555555555556	orig=33F
1862	1	22	8	0	0	1.66666666667	orig=35F
1862	1	23	8	0	0	5	orig=41F
1862	1	24	8	0	0	5	orig=41F
1862	1	25	8	0	0	5	orig=41F
1862	1	27	8	0	0	7.22222222222	orig=45F
1862	1	28	8	0	0	7.22222222222	orig=45F
1862	1	29	8	0	0	7.77777777778	orig=46F
1862	1	30	8	0	0	7.77777777778	orig=46F
1862	1	31	8	0	0	8.33333333333	orig=47F
1862	2	1	8	0	0	6.11111111111	orig=43F
1862	2	3	8	0	0	8.33333333333	orig=47F
1862	2	4	8	0	0	9.44444444444	orig=49F
1862	2	5	8	0	0	8.88888888889	orig=48F
1862	2	6	8	0	0	5	orig=41F
1862	2	7	8	0	0	2.22222222222	orig=36F
1862	2	8	8	0	0	0	orig=32F
1862	2	10	8	0	0	2.22222222222	orig=36F
1862	2	11	8	0	0	6.66666666667	orig=44F
1862	2	12	8	0	0	5	orig=41F
1862	2	13	8	0	0	5.55555555556	orig=42F
1862	2	14	8	0	0	5	orig=41F
1862	2	15	8	0	0	4.44444444444	orig=40F
1862	2	17	8	0	0	2.77777777778	orig=37F
1862	2	18	8	0	0	4.44444444444	orig=40F
1862	2	19	8	0	0	6.66666666667	orig=44F
1862	2	20	8	0	0	8.33333333333	orig=47F
1862	2	21	8	0	0	7.77777777778	orig=46F
1862	2	22	8	0	0	8.88888888889	orig=48F
1862	2	24	8	0	0	8.33333333333	orig=47F
1862	2	25	8	0	0	5.55555555556	orig=42F
1862	2	26	8	0	0	4.44444444444	orig=40F
1862	2	27	8	0	0	4.44444444444	orig=40F
1862	2	28	8	0	0	3.88888888889	orig=39F
1862	3	1	8	0	0	3.33333333333	orig=38F
1862	3	3	8	0	0	0.555555555556	orig=33F
1862	3	4	8	0	0	0.555555555556	orig=33F
1862	3	5	8	0	0	2.22222222222	orig=36F
1862	3	6	8	0	0	4.44444444444	orig=40F
1862	3	7	8	0	0	3.33333333333	orig=38F
1862	3	8	8	0	0	7.22222222222	orig=45F
1862	3	10	8	0	0	7.77777777778	orig=46F
1862	3	11	8	0	0	6.66666666667	orig=44F
1862	3	12	8	0	0	7.77777777778	orig=46F
1862	3	14	8	0	0	5.55555555556	orig=42F
1862	3	15	8	0	0	6.11111111111	orig=43F
1862	3	17	8	0	0	4.44444444444	orig=40F
1862	3	18	8	0	0	5	orig=41F
1862	3	19	8	0	0	4.44444444444	orig=40F
1862	3	20	8	0	0	2.22222222222	orig=36F
1862	3	21	8	0	0	2.22222222222	orig=36F
1862	3	22	8	0	0	3.88888888889	orig=39F
1862	3	24	8	0	0	3.88888888889	orig=39F
1862	3	25	8	0	0	4.44444444444	orig=40F
1862	3	26	8	0	0	3.88888888889	orig=39F
1862	3	27	8	0	0	3.88888888889	orig=39F
1862	3	28	8	0	0	5.55555555556	orig=42F
1862	3	29	8	0	0	5	orig=41F
1862	3	31	8	0	0	5	orig=41F
1862	4	1	8	0	0	6.66666666667	orig=44F
1862	4	2	8	0	0	8.33333333333	orig=47F
1862	4	3	8	0	0	8.88888888889	orig=48F
1862	4	4	8	0	0	5.55555555556	orig=42F
1862	4	5	8	0	0	6.11111111111	orig=43F
1862	4	7	8	0	0	6.11111111111	orig=43F
1862	4	8	8	0	0	7.77777777778	orig=46F
1862	4	9	8	0	0	8.88888888889	orig=48F
1862	4	10	8	0	0	8.88888888889	orig=48F
1862	4	11	8	0	0	5	orig=41F
1862	4	12	8	0	0	3.88888888889	orig=39F
1862	4	14	8	0	0	5	orig=41F
1862	4	15	8	0	0	4.44444444444	orig=40F
1862	4	16	8	0	0	7.22222222222	orig=45F
1862	4	17	8	0	0	6.11111111111	orig=43F
1862	4	19	8	0	0	8.88888888889	orig=48F
1862	4	21	8	0	0	10	orig=50F
1862	4	22	8	0	0	10	orig=50F
1862	4	23	8	0	0	9.44444444444	orig=49F
1862	4	24	8	0	0	9.44444444444	orig=49F
1862	4	25	8	0	0	9.44444444444	orig=49F
1862	4	26	8	0	0	8.33333333333	orig=47F
1862	4	28	8	0	0	9.44444444444	orig=49F
1862	4	29	8	0	0	11.1111111111	orig=52F
1862	4	30	8	0	0	12.7777777778	orig=55F
1862	5	1	8	0	0	12.2222222222	orig=54F
1862	5	2	8	0	0	10	orig=50F
1862	5	3	8	0	0	11.6666666667	orig=53F
1862	5	5	8	0	0	9.44444444444	orig=49F
1862	5	6	8	0	0	12.7777777778	orig=55F
1862	5	7	8	0	0	13.3333333333	orig=56F
1862	5	8	8	0	0	11.1111111111	orig=52F
1862	5	9	8	0	0	11.1111111111	orig=52F
1862	5	10	8	0	0	11.1111111111	orig=52F
1862	5	12	8	0	0	10.5555555556	orig=51F
1862	5	13	8	0	0	10	orig=50F
1862	5	14	8	0	0	10	orig=50F
1862	5	15	8	0	0	10	orig=50F
1862	5	16	8	0	0	10.5555555556	orig=51F
1862	5	17	8	0	0	11.6666666667	orig=53F
1862	5	19	8	0	0	12.7777777778	orig=55F
1862	5	20	8	0	0	12.2222222222	orig=54F
1862	5	21	8	0	0	9.44444444444	orig=49F
1862	5	22	8	0	0	10	orig=50F
1862	5	23	8	0	0	11.6666666667	orig=53F
1862	5	24	8	0	0	11.6666666667	orig=53F
1862	5	26	8	0	0	12.2222222222	orig=54F
1862	5	27	8	0	0	11.6666666667	orig=53F
1862	5	28	8	0	0	11.1111111111	orig=52F
1862	5	29	8	0	0	12.2222222222	orig=54F
1862	5	30	8	0	0	13.8888888889	orig=57F
1862	5	31	8	0	0	12.2222222222	orig=54F
1862	6	2	8	0	0	13.3333333333	orig=56F
1862	6	3	8	0	0	13.3333333333	orig=56F
1862	6	4	8	0	0	11.6666666667	orig=53F
1862	6	5	8	0	0	12.2222222222	orig=54F
1862	6	6	8	0	0	12.2222222222	orig=54F
1862	6	7	8	0	0	12.2222222222	orig=54F
1862	6	9	8	0	0	12.2222222222	orig=54F
1862	6	10	8	0	0	12.2222222222	orig=54F
1862	6	11	8	0	0	11.6666666667	orig=53F
1862	6	12	8	0	0	13.3333333333	orig=56F
1862	6	13	8	0	0	12.2222222222	orig=54F
1862	6	14	8	0	0	12.7777777778	orig=55F
1862	6	16	8	0	0	12.7777777778	orig=55F
1862	6	17	8	0	0	12.2222222222	orig=54F
1862	6	18	8	0	0	12.2222222222	orig=54F
1862	6	19	8	0	0	12.2222222222	orig=54F
1862	6	20	8	0	0	11.6666666667	orig=53F
1862	6	21	8	0	0	11.6666666667	orig=53F
1862	6	23	8	0	0	11.1111111111	orig=52F
1862	6	24	8	0	0	12.7777777778	orig=55F
1862	6	25	8	0	0	12.7777777778	orig=55F
1862	6	26	8	0	0	12.2222222222	orig=54F
1862	6	27	8	0	0	12.2222222222	orig=54F
1862	6	28	8	0	0	12.7777777778	orig=55F
1862	6	29	8	0	0	13.3333333333	orig=56F
1862	6	30	8	0	0	12.2222222222	orig=54F
1862	7	1	8	0	0	12.2222222222	orig=54F
1862	7	2	8	0	0	11.1111111111	orig=52F
1862	7	3	8	0	0	11.1111111111	orig=52F
1862	7	4	8	0	0	12.2222222222	orig=54F
1862	7	5	8	0	0	12.2222222222	orig=54F
1862	7	6	8	0	0	12.2222222222	orig=54F
1862	7	7	8	0	0	11.6666666667	orig=53F
1862	7	8	8	0	0	12.7777777778	orig=55F
1862	7	9	8	0	0	13.8888888889	orig=57F
1862	7	10	8	0	0	12.7777777778	orig=55F
1862	7	11	8	0	0	12.2222222222	orig=54F
1862	7	12	8	0	0	11.1111111111	orig=52F
1862	7	14	8	0	0	13.8888888889	orig=57F
1862	7	15	8	0	0	13.3333333333	orig=56F
1862	7	16	8	0	0	13.3333333333	orig=56F
1862	7	17	8	0	0	13.3333333333	orig=56F
1862	7	18	8	0	0	12.7777777778	orig=55F
1862	7	19	8	0	0	13.8888888889	orig=57F
1862	7	21	8	0	0	12.7777777778	orig=55F
1862	7	22	8	0	0	13.3333333333	orig=56F
1862	7	23	8	0	0	12.7777777778	orig=55F
1862	7	24	8	0	0	13.3333333333	orig=56F
1862	7	25	8	0	0	13.3333333333	orig=56F
1862	7	26	8	0	0	13.3333333333	orig=56F
1862	7	28	8	0	0	12.7777777778	orig=55F
1862	7	29	8	0	0	12.7777777778	orig=55F
1862	7	30	8	0	0	12.7777777778	orig=55F
1862	7	31	8	0	0	14.4444444444	orig=58F
1862	8	1	8	0	0	15	orig=59F
1862	8	2	8	0	0	13.8888888889	orig=57F
1862	8	4	8	0	0	15	orig=59F
1862	8	5	8	0	0	15	orig=59F
1862	8	6	8	0	0	13.8888888889	orig=57F
1862	8	7	8	0	0	13.8888888889	orig=57F
1862	8	8	8	0	0	13.3333333333	orig=56F
1862	8	9	8	0	0	13.3333333333	orig=56F
1862	8	12	8	0	0	13.8888888889	orig=57F
1862	8	13	8	0	0	14.4444444444	orig=58F
1862	8	14	8	0	0	14.4444444444	orig=58F
1862	8	15	8	0	0	15	orig=59F
1862	8	16	8	0	0	15.5555555556	orig=60F
1862	8	18	8	0	0	13.8888888889	orig=57F
1862	8	19	8	0	0	14.4444444444	orig=58F
1862	8	20	8	0	0	13.3333333333	orig=56F
1862	8	21	8	0	0	13.3333333333	orig=56F
1862	8	22	8	0	0	13.8888888889	orig=57F
1862	8	23	8	0	0	13.3333333333	orig=56F
1862	8	25	8	0	0	13.8888888889	orig=57F
1862	8	26	8	0	0	13.8888888889	orig=57F
1862	8	27	8	0	0	13.8888888889	orig=57F
1862	8	28	8	0	0	14.4444444444	orig=58F
1862	8	29	8	0	0	14.4444444444	orig=58F
1862	8	30	8	0	0	14.4444444444	orig=58F
1862	9	1	8	0	0	13.8888888889	orig=57F
1862	9	2	8	0	0	13.8888888889	orig=57F
1862	9	3	8	0	0	13.8888888889	orig=57F
1862	9	4	8	0	0	12.7777777778	orig=55F
1862	9	5	8	0	0	12.2222222222	orig=54F
1862	9	6	8	0	0	15.5555555556	orig=60F
1862	9	8	8	0	0	13.8888888889	orig=57F
1862	9	9	8	0	0	12.7777777778	orig=55F
1862	9	10	8	0	0	12.7777777778	orig=55F
1862	9	11	8	0	0	12.2222222222	orig=54F
1862	9	12	8	0	0	12.7777777778	orig=55F
1862	9	13	8	0	0	13.3333333333	orig=56F
1862	9	15	8	0	0	10.5555555556	orig=51F
1862	9	16	8	0	0	12.2222222222	orig=54F
1862	9	17	8	0	0	12.2222222222	orig=54F
1862	9	18	8	0	0	13.8888888889	orig=57F
1862	9	19	8	0	0	14.4444444444	orig=58F
1862	9	20	8	0	0	14.4444444444	orig=58F
1862	9	22	8	0	0	12.2222222222	orig=54F
1862	9	23	8	0	0	12.7777777778	orig=55F
1862	9	24	8	0	0	10.5555555556	orig=51F
1862	9	25	8	0	0	15	orig=59F
1862	9	26	8	0	0	13.3333333333	orig=56F
1862	9	27	8	0	0	13.8888888889	orig=57F
1862	9	29	8	0	0	13.8888888889	orig=57F
1862	9	30	8	0	0	15	orig=59F
1862	10	1	8	0	0	12.2222222222	orig=54F
1862	10	2	8	0	0	15	orig=59F
1862	10	3	8	0	0	15	orig=59F
1862	10	4	8	0	0	12.7777777778	orig=55F
1862	10	6	8	0	0	13.3333333333	orig=56F
1862	10	7	8	0	0	10.5555555556	orig=51F
1862	10	8	8	0	0	12.7777777778	orig=55F
1862	10	9	8	0	0	11.6666666667	orig=53F
1862	10	10	8	0	0	10.5555555556	orig=51F
1862	10	11	8	0	0	11.6666666667	orig=53F
1862	10	13	8	0	0	10.5555555556	orig=51F
1862	10	14	8	0	0	11.6666666667	orig=53F
1862	10	15	8	0	0	10	orig=50F
1862	10	16	8	0	0	10	orig=50F
1862	10	17	8	0	0	8.88888888889	orig=48F
1862	10	18	8	0	0	7.22222222222	orig=45F
1862	10	20	8	0	0	7.22222222222	orig=45F
1862	10	21	8	0	0	8.33333333333	orig=47F
1862	10	22	8	0	0	12.2222222222	orig=54F
1862	10	23	8	0	0	10	orig=50F
1862	10	24	8	0	0	6.11111111111	orig=43F
1862	10	25	8	0	0	9.44444444444	orig=49F
1862	10	27	8	0	0	9.44444444444	orig=49F
1862	10	28	8	0	0	7.77777777778	orig=46F
1862	10	29	8	0	0	5.55555555556	orig=42F
1862	10	30	8	0	0	7.22222222222	orig=45F
1862	10	31	8	0	0	7.77777777778	orig=46F
1862	11	1	8	0	0	10	orig=50F
1862	11	3	8	0	0	10	orig=50F
1862	11	4	8	0	0	10	orig=50F
1862	11	5	8	0	0	6.11111111111	orig=43F
1862	11	6	8	0	0	3.33333333333	orig=38F
1862	11	7	8	0	0	5.55555555556	orig=42F
1862	11	8	8	0	0	8.33333333333	orig=47F
1862	11	10	8	0	0	3.88888888889	orig=39F
1862	11	11	8	0	0	3.88888888889	orig=39F
1862	11	12	8	0	0	2.77777777778	orig=37F
1862	11	13	8	0	0	4.44444444444	orig=40F
1862	11	14	8	0	0	4.44444444444	orig=40F
1862	11	15	8	0	0	3.88888888889	orig=39F
1862	11	17	8	0	0	2.77777777778	orig=37F
1862	11	18	8	0	0	5	orig=41F
1862	11	19	8	0	0	1.66666666667	orig=35F
1862	11	20	8	0	0	4.44444444444	orig=40F
1862	11	21	8	0	0	3.88888888889	orig=39F
1862	11	22	8	0	0	2.77777777778	orig=37F
1862	11	24	8	0	0	0.555555555556	orig=33F
1862	11	25	8	0	0	0	orig=32F
1862	11	26	8	0	0	0.555555555556	orig=33F
1862	11	27	8	0	0	1.66666666667	orig=35F
1862	11	28	8	0	0	3.33333333333	orig=38F
1862	11	29	8	0	0	5	orig=41F
1862	12	1	8	0	0	2.22222222222	orig=36F
1862	12	2	8	0	0	5	orig=41F
1862	12	3	8	0	0	5.55555555556	orig=42F
1862	12	4	8	0	0	7.77777777778	orig=46F
1862	12	5	8	0	0	8.88888888889	orig=48F
1862	12	6	8	0	0	10	orig=50F
1862	12	8	8	0	0	10	orig=50F
1862	12	9	8	0	0	8.33333333333	orig=47F
1862	12	10	8	0	0	7.77777777778	orig=46F
1862	12	11	8	0	0	6.11111111111	orig=43F
1862	12	12	8	0	0	5	orig=41F
1862	12	13	8	0	0	7.22222222222	orig=45F
1862	12	15	8	0	0	8.33333333333	orig=47F
1862	12	16	8	0	0	10	orig=50F
1862	12	17	8	0	0	7.22222222222	orig=45F
1862	12	18	8	0	0	8.88888888889	orig=48F
1862	12	19	8	0	0	6.66666666667	orig=44F
1862	12	20	8	0	0	6.11111111111	orig=43F
1862	12	22	8	0	0	5	orig=41F
1862	12	24	8	0	0	8.33333333333	orig=47F
1862	12	26	8	0	0	7.22222222222	orig=45F
1862	12	27	8	0	0	8.33333333333	orig=47F
1862	12	29	8	0	0	8.33333333333	orig=47F
1862	12	30	8	0	0	7.22222222222	orig=45F
1862	12	31	8	0	0	7.22222222222	orig=45F
1863	1	1	8	0	0	8.33333333333	orig=47F
1863	1	2	8	0	0	5.55555555556	orig=42F
1863	1	3	8	0	0	5	orig=41F
1863	1	5	8	0	0	3.88888888889	orig=39F
1863	1	6	8	0	0	1.66666666667	orig=35F
1863	1	7	8	0	0	3.33333333333	orig=38F
1863	1	8	8	0	0	3.33333333333	orig=38F
1863	1	9	8	0	0	5	orig=41F
1863	1	10	8	0	0	4.44444444444	orig=40F
1863	1	12	8	0	0	4.44444444444	orig=40F
1863	1	13	8	0	0	3.88888888889	orig=39F
1863	1	14	8	0	0	3.88888888889	orig=39F
1863	1	15	8	0	0	6.66666666667	orig=44F
1863	1	16	8	0	0	6.66666666667	orig=44F
1863	1	17	8	0	0	5.55555555556	orig=42F
1863	1	19	8	0	0	7.22222222222	orig=45F
1863	1	20	8	0	0	5	orig=41F
1863	1	21	8	0	0	5	orig=41F
1863	1	22	8	0	0	7.77777777778	orig=46F
1863	1	23	8	0	0	7.22222222222	orig=45F
1863	1	24	8	0	0	5.55555555556	orig=42F
1863	1	26	8	0	0	7.77777777778	orig=46F
1863	1	27	8	0	0	6.11111111111	orig=43F
1863	1	28	8	0	0	6.11111111111	orig=43F
1863	1	29	8	0	0	8.33333333333	orig=47F
1863	1	30	8	0	0	8.88888888889	orig=48F
1863	1	31	8	0	0	5.55555555556	orig=42F
1863	2	2	8	0	0	7.77777777778	orig=46F
1863	2	3	8	0	0	7.77777777778	orig=46F
1863	2	4	8	0	0	7.22222222222	orig=45F
1863	2	5	8	0	0	6.66666666667	orig=44F
1863	2	6	8	0	0	8.88888888889	orig=48F
1863	2	7	8	0	0	7.22222222222	orig=45F
1863	2	9	8	0	0	4.44444444444	orig=40F
1863	2	10	8	0	0	6.66666666667	orig=44F
1863	2	11	8	0	0	7.22222222222	orig=45F
1863	2	12	8	0	0	6.66666666667	orig=44F
1863	2	13	8	0	0	5	orig=41F
1863	2	14	8	0	0	3.33333333333	orig=38F
1863	2	16	8	0	0	2.22222222222	orig=36F
1863	2	17	8	0	0	6.11111111111	orig=43F
1863	2	18	8	0	0	7.22222222222	orig=45F
1863	2	19	8	0	0	6.66666666667	orig=44F
1863	2	20	8	0	0	5.55555555556	orig=42F
1863	2	21	8	0	0	6.66666666667	orig=44F
1863	2	23	8	0	0	8.33333333333	orig=47F
1863	2	24	8	0	0	7.22222222222	orig=45F
1863	2	25	8	0	0	7.77777777778	orig=46F
1863	2	26	8	0	0	7.77777777778	orig=46F
1863	2	27	8	0	0	8.88888888889	orig=48F
1863	2	28	8	0	0	5.55555555556	orig=42F
1863	3	2	8	0	0	8.33333333333	orig=47F
1863	3	3	8	0	0	9.44444444444	orig=49F
1863	3	4	8	0	0	8.88888888889	orig=48F
1863	3	5	8	0	0	7.22222222222	orig=45F
1863	3	6	8	0	0	9.44444444444	orig=49F
1863	3	7	8	0	0	7.22222222222	orig=45F
1863	3	9	8	0	0	4.44444444444	orig=40F
1863	3	10	8	0	0	3.88888888889	orig=39F
1863	3	11	8	0	0	3.88888888889	orig=39F
1863	3	12	8	0	0	2.22222222222	orig=36F
1863	3	13	8	0	0	3.88888888889	orig=39F
1863	3	14	8	0	0	3.88888888889	orig=39F
1863	3	16	8	0	0	4.44444444444	orig=40F
1863	3	17	8	0	0	3.33333333333	orig=38F
1863	3	18	8	0	0	2.22222222222	orig=36F
1863	3	19	8	0	0	5.55555555556	orig=42F
1863	3	20	8	0	0	7.22222222222	orig=45F
1863	3	21	8	0	0	7.22222222222	orig=45F
1863	3	23	8	0	0	8.88888888889	orig=48F|qc=subdaily_repetition
1863	3	24	8	0	0	8.88888888889	orig=48F|qc=subdaily_repetition
1863	3	25	8	0	0	8.88888888889	orig=48F|qc=subdaily_repetition
1863	3	26	8	0	0	8.88888888889	orig=48F|qc=subdaily_repetition
1863	3	27	8	0	0	8.88888888889	orig=48F|qc=subdaily_repetition
1863	3	28	8	0	0	8.88888888889	orig=48F|qc=subdaily_repetition
1863	3	30	8	0	0	6.11111111111	orig=43F
1863	3	31	8	0	0	7.77777777778	orig=46F
1863	4	1	8	0	0	7.22222222222	orig=45F
1863	4	2	8	0	0	8.88888888889	orig=48F
1863	4	4	8	0	0	6.66666666667	orig=44F
1863	4	6	8	0	0	6.66666666667	orig=44F
1863	4	7	8	0	0	5.55555555556	orig=42F
1863	4	8	8	0	0	6.11111111111	orig=43F
1863	4	9	8	0	0	8.88888888889	orig=48F
1863	4	10	8	0	0	7.77777777778	orig=46F
1863	4	11	8	0	0	7.77777777778	orig=46F
1863	4	13	8	0	0	7.22222222222	orig=45F
1863	4	14	8	0	0	7.22222222222	orig=45F
1863	4	15	8	0	0	8.33333333333	orig=47F
1863	4	16	8	0	0	8.88888888889	orig=48F
1863	4	17	8	0	0	9.44444444444	orig=49F
1863	4	18	8	0	0	7.77777777778	orig=46F
1863	4	20	8	0	0	7.77777777778	orig=46F
1863	4	21	8	0	0	7.22222222222	orig=45F
1863	4	22	8	0	0	8.33333333333	orig=47F
1863	4	23	8	0	0	12.7777777778	orig=55F
1863	4	24	8	0	0	7.22222222222	orig=45F
1863	4	25	8	0	0	10	orig=50F
1863	4	27	8	0	0	8.33333333333	orig=47F
1863	4	28	8	0	0	7.22222222222	orig=45F
1863	4	29	8	0	0	6.66666666667	orig=44F
1863	4	30	8	0	0	7.77777777778	orig=46F
1863	5	1	8	0	0	9.44444444444	orig=49F
1863	5	2	8	0	0	10.5555555556	orig=51F
1863	5	4	8	0	0	10	orig=50F
1863	5	5	8	0	0	7.77777777778	orig=46F
1863	5	6	8	0	0	8.88888888889	orig=48F
1863	5	7	8	0	0	8.88888888889	orig=48F
1863	5	8	8	0	0	10	orig=50F
1863	5	9	8	0	0	11.1111111111	orig=52F
1863	5	11	8	0	0	7.77777777778	orig=46F
1863	5	12	8	0	0	10	orig=50F
1863	5	13	8	0	0	10	orig=50F
1863	5	14	8	0	0	10	orig=50F
1863	5	15	8	0	0	10	orig=50F
1863	5	16	8	0	0	10	orig=50F
1863	5	18	8	0	0	7.77777777778	orig=46F
1863	5	19	8	0	0	7.77777777778	orig=46F
1863	5	20	8	0	0	7.77777777778	orig=46F
1863	5	21	8	0	0	7.77777777778	orig=46F
1863	5	22	8	0	0	8.33333333333	orig=47F
1863	5	23	8	0	0	8.88888888889	orig=48F
1863	5	25	8	0	0	10.5555555556	orig=51F
1863	5	26	8	0	0	10.5555555556	orig=51F
1863	5	27	8	0	0	11.1111111111	orig=52F
1863	5	28	8	0	0	11.6666666667	orig=53F
1863	5	29	8	0	0	13.3333333333	orig=56F
1863	5	30	8	0	0	12.2222222222	orig=54F
1863	6	1	8	0	0	13.8888888889	orig=57F
1863	6	2	8	0	0	14.4444444444	orig=58F
1863	6	3	8	0	0	13.3333333333	orig=56F
1863	6	4	8	0	0	12.2222222222	orig=54F
1863	6	5	8	0	0	12.2222222222	orig=54F
1863	6	6	8	0	0	11.1111111111	orig=52F
1863	6	8	8	0	0	11.6666666667	orig=53F
1863	6	9	8	0	0	12.2222222222	orig=54F
1863	6	10	8	0	0	12.7777777778	orig=55F
1863	6	11	8	0	0	12.2222222222	orig=54F
1863	6	12	8	0	0	12.2222222222	orig=54F
1863	6	13	8	0	0	12.2222222222	orig=54F
1863	6	15	8	0	0	13.8888888889	orig=57F
1863	6	16	8	0	0	15	orig=59F
1863	6	17	8	0	0	14.4444444444	orig=58F
1863	6	18	8	0	0	14.4444444444	orig=58F
1863	6	19	8	0	0	12.7777777778	orig=55F
1863	6	20	8	0	0	13.3333333333	orig=56F
1863	6	22	8	0	0	14.4444444444	orig=58F
1863	6	23	8	0	0	13.3333333333	orig=56F
1863	6	24	8	0	0	14.4444444444	orig=58F
1863	6	25	8	0	0	13.8888888889	orig=57F
1863	6	26	8	0	0	14.4444444444	orig=58F
1863	12	29	8	0	0	8.33333333333	orig=47F
1863	12	30	8	0	0	6.11111111111	orig=43F
1863	12	31	8	0	0	2.22222222222	orig=36F
1864	1	1	8	0	0	2.77777777778	orig=37F
1864	1	2	8	0	0	0.555555555556	orig=33F
1864	1	4	8	0	0	1.66666666667	orig=35F
1864	1	5	8	0	0	-1.66666666667	orig=29F
1864	1	6	8	0	0	-1.66666666667	orig=29F
1864	1	7	8	0	0	-0.555555555556	orig=31F
1864	1	8	8	0	0	-1.11111111111	orig=30F
1864	1	9	8	0	0	0	orig=32F
1864	1	11	8	0	0	3.88888888889	orig=39F
1864	1	12	8	0	0	5.55555555556	orig=42F
1864	1	13	8	0	0	4.44444444444	orig=40F
1864	1	14	8	0	0	5	orig=41F
1864	1	15	8	0	0	5	orig=41F
1864	1	16	8	0	0	5.55555555556	orig=42F
1864	1	18	8	0	0	4.44444444444	orig=40F
1864	1	19	8	0	0	6.66666666667	orig=44F
1864	1	20	8	0	0	5.55555555556	orig=42F
1864	1	21	8	0	0	6.66666666667	orig=44F
1864	1	23	8	0	0	5.55555555556	orig=42F
1864	1	25	8	0	0	6.66666666667	orig=44F
1864	1	26	8	0	0	7.77777777778	orig=46F
1864	1	27	8	0	0	8.88888888889	orig=48F
1864	1	28	8	0	0	7.22222222222	orig=45F
1864	1	29	8	0	0	5.55555555556	orig=42F
1864	1	30	8	0	0	7.77777777778	orig=46F
1864	2	1	8	0	0	7.22222222222	orig=45F
1864	2	2	8	0	0	6.66666666667	orig=44F
1864	2	3	8	0	0	4.44444444444	orig=40F
1864	2	4	8	0	0	3.88888888889	orig=39F
1864	2	5	8	0	0	1.66666666667	orig=35F
1864	2	6	8	0	0	1.66666666667	orig=35F
1864	2	8	8	0	0	-1.11111111111	orig=30F
1864	2	9	8	0	0	-1.66666666667	orig=29F
1864	2	10	8	0	0	0	orig=32F
1864	2	11	8	0	0	1.66666666667	orig=35F
1864	2	12	8	0	0	3.88888888889	orig=39F
1864	2	13	8	0	0	8.33333333333	orig=47F
1864	2	15	8	0	0	7.77777777778	orig=46F
1864	2	16	8	0	0	5	orig=41F
1864	2	17	8	0	0	5	orig=41F
1864	2	18	8	0	0	1.11111111111	orig=34F
1864	2	19	8	0	0	1.11111111111	orig=34F
1864	2	20	8	0	0	-0.555555555556	orig=31F
1864	2	22	8	0	0	-1.11111111111	orig=30F
1864	2	23	8	0	0	-1.66666666667	orig=29F
1864	2	24	8	0	0	-1.66666666667	orig=29F
1864	2	25	8	0	0	-0.555555555556	orig=31F
1864	2	26	8	0	0	0.555555555556	orig=33F
1864	2	27	8	0	0	0	orig=32F
1864	2	29	8	0	0	4.44444444444	orig=40F
1864	3	1	8	0	0	3.88888888889	orig=39F
1864	3	2	8	0	0	3.33333333333	orig=38F
1864	3	3	8	0	0	3.88888888889	orig=39F
1864	3	4	8	0	0	2.77777777778	orig=37F
1864	3	5	8	0	0	3.88888888889	orig=39F
1864	3	7	8	0	0	2.77777777778	orig=37F
1864	3	8	8	0	0	1.11111111111	orig=34F
1864	3	9	8	0	0	0.555555555556	orig=33F
1864	3	10	8	0	0	2.22222222222	orig=36F
1864	3	11	8	0	0	8.88888888889	orig=48F
1864	3	12	8	0	0	4.44444444444	orig=40F
1864	3	14	8	0	0	7.77777777778	orig=46F
1864	3	15	8	0	0	5	orig=41F
1864	3	16	8	0	0	3.33333333333	orig=38F
1864	3	17	8	0	0	6.11111111111	orig=43F
1864	3	18	8	0	0	5	orig=41F
1864	3	19	8	0	0	9.44444444444	orig=49F
1864	3	21	8	0	0	5	orig=41F
1864	3	22	8	0	0	4.44444444444	orig=40F
1864	3	23	8	0	0	4.44444444444	orig=40F
1864	3	24	8	0	0	6.66666666667	orig=44F
1864	3	26	8	0	0	3.88888888889	orig=39F
1864	3	28	8	0	0	5	orig=41F
1864	3	29	8	0	0	4.44444444444	orig=40F
1864	3	30	8	0	0	6.11111111111	orig=43F
1864	3	31	8	0	0	7.22222222222	orig=45F
1864	4	1	8	0	0	4.44444444444	orig=40F
1864	4	2	8	0	0	5	orig=41F
1864	4	4	8	0	0	7.77777777778	orig=46F
1864	4	5	8	0	0	5	orig=41F
1864	4	6	8	0	0	6.11111111111	orig=43F
1864	4	7	8	0	0	7.77777777778	orig=46F
1864	4	8	8	0	0	8.88888888889	orig=48F
1864	4	9	8	0	0	8.88888888889	orig=48F
1864	4	11	8	0	0	8.33333333333	orig=47F
1864	4	12	8	0	0	8.88888888889	orig=48F
1864	4	13	8	0	0	7.22222222222	orig=45F
1864	4	14	8	0	0	7.77777777778	orig=46F
1864	4	15	8	0	0	8.88888888889	orig=48F
1864	4	16	8	0	0	7.77777777778	orig=46F
1864	4	18	8	0	0	8.88888888889	orig=48F
1864	4	19	8	0	0	8.88888888889	orig=48F
1864	4	20	8	0	0	10	orig=50F
1864	4	21	8	0	0	10	orig=50F
1864	4	22	8	0	0	11.1111111111	orig=52F
1864	4	23	8	0	0	11.1111111111	orig=52F
1864	4	25	8	0	0	9.44444444444	orig=49F
1864	4	26	8	0	0	9.44444444444	orig=49F
1864	4	27	8	0	0	10	orig=50F
1864	4	28	8	0	0	9.44444444444	orig=49F
1864	4	29	8	0	0	9.44444444444	orig=49F
1864	4	30	8	0	0	8.33333333333	orig=47F
1864	5	2	8	0	0	10.5555555556	orig=51F
1864	5	3	8	0	0	10	orig=50F
1864	5	4	8	0	0	10.5555555556	orig=51F
1864	5	5	8	0	0	11.6666666667	orig=53F
1864	5	6	8	0	0	11.1111111111	orig=52F
1864	5	7	8	0	0	10.5555555556	orig=51F
1864	5	9	8	0	0	8.33333333333	orig=47F
1864	5	10	8	0	0	10	orig=50F
1864	5	11	8	0	0	10	orig=50F
1864	5	12	8	0	0	8.88888888889	orig=48F
1864	5	13	8	0	0	9.44444444444	orig=49F
1864	5	14	8	0	0	11.6666666667	orig=53F
1864	5	16	8	0	0	14.4444444444	orig=58F
1864	5	17	8	0	0	16.1111111111	orig=61F
1864	5	18	8	0	0	15.5555555556	orig=60F
1864	5	19	8	0	0	13.8888888889	orig=57F
1864	5	20	8	0	0	14.4444444444	orig=58F
1864	5	21	8	0	0	12.7777777778	orig=55F
1864	5	23	8	0	0	10.5555555556	orig=51F
1864	5	24	8	0	0	10.5555555556	orig=51F
1864	5	25	8	0	0	11.6666666667	orig=53F
1864	5	26	8	0	0	10.5555555556	orig=51F
1864	5	27	8	0	0	11.1111111111	orig=52F
1864	5	28	8	0	0	10	orig=50F
1864	5	30	8	0	0	8.88888888889	orig=48F
1864	5	31	8	0	0	7.77777777778	orig=46F
1864	6	1	8	0	0	10	orig=50F
1864	6	2	8	0	0	10	orig=50F
1864	6	3	8	0	0	10.5555555556	orig=51F
1864	6	4	8	0	0	11.6666666667	orig=53F
1864	6	6	8	0	0	12.2222222222	orig=54F
1864	6	7	8	0	0	12.7777777778	orig=55F
1864	6	8	8	0	0	14.4444444444	orig=58F
1864	6	9	8	0	0	13.3333333333	orig=56F
1864	6	10	8	0	0	13.8888888889	orig=57F
1864	6	11	8	0	0	13.3333333333	orig=56F
1864	6	13	8	0	0	13.3333333333	orig=56F
1864	6	14	8	0	0	13.8888888889	orig=57F
1864	6	15	8	0	0	13.3333333333	orig=56F
1864	6	16	8	0	0	14.4444444444	orig=58F
1864	6	17	8	0	0	15	orig=59F
1864	6	18	8	0	0	13.8888888889	orig=57F
1864	6	20	8	0	0	14.4444444444	orig=58F
1864	6	21	8	0	0	12.7777777778	orig=55F
1864	6	22	8	0	0	12.2222222222	orig=54F
1864	6	23	8	0	0	12.7777777778	orig=55F
1864	6	24	8	0	0	12.2222222222	orig=54F
1864	6	25	8	0	0	12.7777777778	orig=55F
1864	6	27	8	0	0	12.2222222222	orig=54F
1864	6	28	8	0	0	13.3333333333	orig=56F
1864	6	29	8	0	0	12.2222222222	orig=54F
1864	6	30	8	0	0	11.6666666667	orig=53F
1864	7	1	8	0	0	12.2222222222	orig=54F
1864	7	2	8	0	0	12.7777777778	orig=55F
1864	7	4	8	0	0	12.7777777778	orig=55F
1864	7	5	8	0	0	12.7777777778	orig=55F
1864	7	6	8	0	0	12.2222222222	orig=54F
1864	7	7	8	0	0	13.8888888889	orig=57F
1864	7	8	8	0	0	13.3333333333	orig=56F
1864	7	9	8	0	0	14.4444444444	orig=58F
1864	7	11	8	0	0	13.8888888889	orig=57F
1864	7	12	8	0	0	13.3333333333	orig=56F
1864	7	13	8	0	0	13.3333333333	orig=56F
1864	7	14	8	0	0	14.4444444444	orig=58F
1864	7	15	8	0	0	14.4444444444	orig=58F
1864	7	16	8	0	0	15.5555555556	orig=60F
1864	7	18	8	0	0	16.1111111111	orig=61F
1864	7	19	8	0	0	16.6666666667	orig=62F
1864	7	20	8	0	0	17.2222222222	orig=63F
1864	7	21	8	0	0	16.6666666667	orig=62F
1864	7	22	8	0	0	12.7777777778	orig=55F
1864	7	23	8	0	0	15.5555555556	orig=60F
1864	7	25	8	0	0	14.4444444444	orig=58F
1864	7	26	8	0	0	13.3333333333	orig=56F
1864	7	27	8	0	0	15	orig=59F
1864	7	28	8	0	0	15	orig=59F
1864	7	29	8	0	0	15	orig=59F
1864	7	30	8	0	0	15.5555555556	orig=60F
1864	8	1	8	0	0	15	orig=59F
1864	8	2	8	0	0	14.4444444444	orig=58F
1864	8	3	8	0	0	13.8888888889	orig=57F
1864	8	4	8	0	0	15	orig=59F
1864	8	5	8	0	0	14.4444444444	orig=58F
1864	8	6	8	0	0	13.3333333333	orig=56F
1864	8	8	8	0	0	13.3333333333	orig=56F
1864	8	9	8	0	0	13.3333333333	orig=56F
1864	8	10	8	0	0	12.7777777778	orig=55F
1864	8	11	8	0	0	11.6666666667	orig=53F
1864	8	12	8	0	0	13.8888888889	orig=57F
1864	8	13	8	0	0	15	orig=59F
1864	8	15	8	0	0	16.1111111111	orig=61F
1864	8	16	8	0	0	15.5555555556	orig=60F
1864	8	17	8	0	0	12.7777777778	orig=55F
1864	8	18	8	0	0	13.3333333333	orig=56F
1864	8	19	8	0	0	13.8888888889	orig=57F
1864	8	20	8	0	0	12.2222222222	orig=54F
1864	8	22	8	0	0	11.1111111111	orig=52F
1864	8	23	8	0	0	12.2222222222	orig=54F
1864	8	24	8	0	0	11.6666666667	orig=53F
1864	8	25	8	0	0	11.6666666667	orig=53F
1864	8	26	8	0	0	11.1111111111	orig=52F
1864	8	27	8	0	0	12.7777777778	orig=55F
1864	8	29	8	0	0	13.8888888889	orig=57F
1864	8	30	8	0	0	15	orig=59F
1864	8	31	8	0	0	13.3333333333	orig=56F
1864	9	1	8	0	0	12.7777777778	orig=55F
1864	9	2	8	0	0	13.8888888889	orig=57F
1864	9	3	8	0	0	13.3333333333	orig=56F
1864	9	5	8	0	0	12.7777777778	orig=55F
1864	9	6	8	0	0	12.7777777778	orig=55F
1864	9	7	8	0	0	12.7777777778	orig=55F
1864	9	8	8	0	0	13.8888888889	orig=57F
1864	9	9	8	0	0	15.5555555556	orig=60F
1864	9	10	8	0	0	12.7777777778	orig=55F
1864	9	12	8	0	0	11.1111111111	orig=52F
1864	9	13	8	0	0	12.7777777778	orig=55F
1864	9	14	8	0	0	13.8888888889	orig=57F
1864	9	15	8	0	0	12.2222222222	orig=54F
1864	9	16	8	0	0	11.6666666667	orig=53F
1864	9	17	8	0	0	12.2222222222	orig=54F
1864	9	19	8	0	0	12.2222222222	orig=54F
1864	9	20	8	0	0	11.1111111111	orig=52F
1864	9	21	8	0	0	12.2222222222	orig=54F
1864	9	22	8	0	0	13.3333333333	orig=56F
1864	9	23	8	0	0	12.2222222222	orig=54F
1864	9	24	8	0	0	12.7777777778	orig=55F
1864	9	26	8	0	0	13.8888888889	orig=57F
1864	9	27	8	0	0	13.8888888889	orig=57F
1864	9	28	8	0	0	13.3333333333	orig=56F
1864	9	29	8	0	0	13.3333333333	orig=56F
1864	9	30	8	0	0	10.5555555556	orig=51F
1864	10	1	8	0	0	8.33333333333	orig=47F
1864	10	2	8	0	0	10	orig=50F
1864	10	3	8	0	0	8.33333333333	orig=47F
1864	10	4	8	0	0	8.88888888889	orig=48F
1864	10	5	8	0	0	7.77777777778	orig=46F
1864	10	6	8	0	0	8.33333333333	orig=47F
1864	10	7	8	0	0	8.88888888889	orig=48F
1864	10	8	8	0	0	8.33333333333	orig=47F
1864	10	9	8	0	0	8.33333333333	orig=47F
1864	10	10	8	0	0	8.33333333333	orig=47F
1864	10	11	8	0	0	9.44444444444	orig=49F
1864	10	12	8	0	0	11.1111111111	orig=52F
1864	10	13	8	0	0	11.6666666667	orig=53F
1864	10	14	8	0	0	10.5555555556	orig=51F
1864	10	15	8	0	0	7.77777777778	orig=46F
1864	10	16	8	0	0	11.1111111111	orig=52F
1864	10	17	8	0	0	10.5555555556	orig=51F
1864	10	18	8	0	0	10	orig=50F
1864	10	19	8	0	0	8.88888888889	orig=48F
1864	10	20	8	0	0	9.44444444444	orig=49F
1864	10	21	8	0	0	4.44444444444	orig=40F
1864	10	22	8	0	0	6.11111111111	orig=43F
1864	10	23	8	0	0	6.66666666667	orig=44F
1864	10	24	8	0	0	6.11111111111	orig=43F
1864	10	25	8	0	0	5	orig=41F
1864	10	26	8	0	0	8.33333333333	orig=47F
1864	10	27	8	0	0	9.44444444444	orig=49F
1864	10	28	8	0	0	9.44444444444	orig=49F
1864	10	29	8	0	0	10	orig=50F
1864	10	30	8	0	0	10	orig=50F
1864	10	31	8	0	0	7.77777777778	orig=46F
1864	11	1	8	0	0	7.77777777778	orig=46F
1864	11	2	8	0	0	6.66666666667	orig=44F
1864	11	3	8	0	0	7.22222222222	orig=45F
1864	11	4	8	0	0	8.88888888889	orig=48F
1864	11	5	8	0	0	9.44444444444	orig=49F
1864	11	6	8	0	0	5.55555555556	orig=42F
1864	11	7	8	0	0	8.33333333333	orig=47F
1864	11	8	8	0	0	6.11111111111	orig=43F
1864	11	9	8	0	0	3.88888888889	orig=39F
1864	11	10	8	0	0	5	orig=41F
1864	11	11	8	0	0	4.44444444444	orig=40F
1864	11	12	8	0	0	4.44444444444	orig=40F
1864	11	13	8	0	0	5	orig=41F
1864	11	14	8	0	0	4.44444444444	orig=40F
1864	11	15	8	0	0	6.66666666667	orig=44F
1864	11	16	8	0	0	5.55555555556	orig=42F
1864	11	17	8	0	0	5.55555555556	orig=42F
1864	11	18	8	0	0	8.33333333333	orig=47F
1864	11	19	8	0	0	7.77777777778	orig=46F
1864	11	20	8	0	0	7.77777777778	orig=46F
1864	11	21	8	0	0	8.33333333333	orig=47F
1864	11	22	8	0	0	7.77777777778	orig=46F
1864	11	23	8	0	0	7.22222222222	orig=45F
1864	11	24	8	0	0	2.77777777778	orig=37F
1864	11	25	8	0	0	6.11111111111	orig=43F
1864	11	26	8	0	0	5.55555555556	orig=42F
1864	11	27	8	0	0	7.77777777778	orig=46F
1864	11	28	8	0	0	6.66666666667	orig=44F
1864	11	29	8	0	0	7.22222222222	orig=45F
1864	11	30	8	0	0	8.88888888889	orig=48F
1864	12	1	8	0	0	7.77777777778	orig=46F
1864	12	2	8	0	0	8.33333333333	orig=47F
1864	12	3	8	0	0	10	orig=50F
1864	12	4	8	0	0	10.5555555556	orig=51F
1864	12	5	8	0	0	11.1111111111	orig=52F
1864	12	6	8	0	0	9.44444444444	orig=49F
1864	12	7	8	0	0	10	orig=50F
1864	12	8	8	0	0	7.22222222222	orig=45F
1864	12	9	8	0	0	6.66666666667	orig=44F
1864	12	10	8	0	0	5.55555555556	orig=42F
1864	12	11	8	0	0	9.44444444444	orig=49F
1864	12	12	8	0	0	8.33333333333	orig=47F
1864	12	13	8	0	0	6.11111111111	orig=43F
1864	12	14	8	0	0	6.11111111111	orig=43F
1864	12	15	8	0	0	5	orig=41F
1864	12	16	8	0	0	5	orig=41F
1864	12	17	8	0	0	3.33333333333	orig=38F
1864	12	18	8	0	0	2.22222222222	orig=36F
1864	12	19	8	0	0	1.11111111111	orig=34F
1864	12	20	8	0	0	1.11111111111	orig=34F
1864	12	21	8	0	0	2.22222222222	orig=36F
1864	12	22	8	0	0	2.22222222222	orig=36F
1864	12	23	8	0	0	1.66666666667	orig=35F
1865	2	9	8	0	0	0	orig=32F
1865	2	10	8	0	0	-0.555555555556	orig=31F
1865	2	11	8	0	0	2.22222222222	orig=36F
1865	2	13	8	0	0	0.555555555556	orig=33F
1865	2	14	8	0	0	1.11111111111	orig=34F
1865	2	15	8	0	0	-1.66666666667	orig=29F
1865	2	16	8	0	0	1.11111111111	orig=34F
1865	2	17	8	0	0	-2.22222222222	orig=28F
1865	2	18	8	0	0	-1.66666666667	orig=29F
1865	2	20	8	0	0	0.555555555556	orig=33F
1865	2	21	8	0	0	1.11111111111	orig=34F
1865	2	22	8	0	0	7.22222222222	orig=45F
1865	2	23	8	0	0	8.33333333333	orig=47F
1865	2	24	8	0	0	7.77777777778	orig=46F
1865	2	25	8	0	0	6.11111111111	orig=43F
1865	2	27	8	0	0	6.66666666667	orig=44F
1865	2	28	8	0	0	6.66666666667	orig=44F
1865	3	1	8	0	0	6.66666666667	orig=44F
1865	3	2	8	0	0	6.11111111111	orig=43F
1865	3	3	8	0	0	5	orig=41F
1865	3	4	8	0	0	5.55555555556	orig=42F
1865	3	6	8	0	0	3.88888888889	orig=39F
1865	3	7	8	0	0	3.88888888889	orig=39F
1865	3	8	8	0	0	2.77777777778	orig=37F
1865	3	9	8	0	0	2.22222222222	orig=36F
1865	3	10	8	0	0	5.55555555556	orig=42F
1865	3	11	8	0	0	5	orig=41F
1865	3	13	8	0	0	5	orig=41F
1865	3	14	8	0	0	3.33333333333	orig=38F
1865	3	15	8	0	0	3.88888888889	orig=39F
1865	3	16	8	0	0	4.44444444444	orig=40F
1865	3	17	8	0	0	5	orig=41F
1865	3	18	8	0	0	4.44444444444	orig=40F
1865	3	20	8	0	0	1.66666666667	orig=35F
1865	3	21	8	0	0	0.555555555556	orig=33F
1865	3	22	8	0	0	1.66666666667	orig=35F
1865	3	23	8	0	0	3.33333333333	orig=38F
1865	3	24	8	0	0	3.33333333333	orig=38F
1865	3	25	8	0	0	5	orig=41F
1865	3	27	8	0	0	3.33333333333	orig=38F
1865	3	28	8	0	0	3.88888888889	orig=39F
1865	3	29	8	0	0	4.44444444444	orig=40F
1865	3	30	8	0	0	5.55555555556	orig=42F
1865	3	31	8	0	0	7.22222222222	orig=45F
1865	4	1	8	0	0	7.22222222222	orig=45F
1865	4	3	8	0	0	6.66666666667	orig=44F
1865	4	4	8	0	0	7.22222222222	orig=45F
1865	4	5	8	0	0	8.88888888889	orig=48F
1865	4	6	8	0	0	8.88888888889	orig=48F
1865	4	7	8	0	0	8.33333333333	orig=47F
1865	4	8	8	0	0	8.33333333333	orig=47F
1865	4	10	8	0	0	8.33333333333	orig=47F
1865	4	11	8	0	0	8.33333333333	orig=47F
1865	4	12	8	0	0	8.88888888889	orig=48F
1865	4	13	8	0	0	10	orig=50F
1865	4	15	8	0	0	6.11111111111	orig=43F
1865	4	17	8	0	0	9.44444444444	orig=49F
1865	4	18	8	0	0	9.44444444444	orig=49F
1865	4	19	8	0	0	7.22222222222	orig=45F
1865	4	20	8	0	0	8.33333333333	orig=47F
1865	4	21	8	0	0	7.77777777778	orig=46F
1865	4	22	8	0	0	7.77777777778	orig=46F
1865	4	24	8	0	0	7.77777777778	orig=46F
1865	4	25	8	0	0	10	orig=50F
1865	4	26	8	0	0	10	orig=50F
1865	4	27	8	0	0	10	orig=50F
1865	4	28	8	0	0	10	orig=50F
1865	4	29	8	0	0	6.66666666667	orig=44F
1865	5	1	8	0	0	8.33333333333	orig=47F
1865	5	2	8	0	0	10.5555555556	orig=51F
1865	5	3	8	0	0	11.1111111111	orig=52F
1865	5	4	8	0	0	10	orig=50F
1865	5	5	8	0	0	9.44444444444	orig=49F
1865	5	6	8	0	0	9.44444444444	orig=49F
1865	5	8	8	0	0	10.5555555556	orig=51F
1865	5	9	8	0	0	10	orig=50F
1865	5	10	8	0	0	8.88888888889	orig=48F
1865	5	11	8	0	0	8.88888888889	orig=48F
1865	5	12	8	0	0	7.22222222222	orig=45F
1865	5	13	8	0	0	5.55555555556	orig=42F
1865	5	15	8	0	0	8.33333333333	orig=47F
1865	5	16	8	0	0	8.88888888889	orig=48F
1865	5	17	8	0	0	10	orig=50F
1865	5	18	8	0	0	10.5555555556	orig=51F
1865	5	19	8	0	0	10.5555555556	orig=51F
1865	5	20	8	0	0	11.6666666667	orig=53F
1865	5	22	8	0	0	13.8888888889	orig=57F
1865	5	23	8	0	0	15.5555555556	orig=60F
1865	5	25	8	0	0	12.2222222222	orig=54F
1865	5	26	8	0	0	15	orig=59F
1865	5	27	8	0	0	13.8888888889	orig=57F
1865	5	29	8	0	0	13.3333333333	orig=56F
1865	5	30	8	0	0	10	orig=50F
1865	6	1	8	0	0	10	orig=50F
1865	6	2	8	0	0	11.1111111111	orig=52F
1865	6	3	8	0	0	12.2222222222	orig=54F
1865	6	5	8	0	0	13.3333333333	orig=56F
1865	6	6	8	0	0	14.4444444444	orig=58F
1865	6	7	8	0	0	13.3333333333	orig=56F
1865	6	8	8	0	0	15.5555555556	orig=60F
1865	6	9	8	0	0	13.8888888889	orig=57F
1865	6	10	8	0	0	13.8888888889	orig=57F
1865	6	12	8	0	0	12.2222222222	orig=54F
1865	6	13	8	0	0	12.7777777778	orig=55F
1865	6	14	8	0	0	12.7777777778	orig=55F
1865	6	15	8	0	0	13.3333333333	orig=56F
1865	6	16	8	0	0	15	orig=59F
1865	6	17	8	0	0	16.1111111111	orig=61F
1865	6	19	8	0	0	15.5555555556	orig=60F
1865	6	20	8	0	0	16.6666666667	orig=62F
1865	6	21	8	0	0	15.5555555556	orig=60F
1865	6	22	8	0	0	16.6666666667	orig=62F
1865	6	23	8	0	0	16.6666666667	orig=62F
1865	6	24	8	0	0	13.8888888889	orig=57F
1865	6	26	8	0	0	13.3333333333	orig=56F
1865	6	27	8	0	0	15	orig=59F
1865	6	28	8	0	0	16.1111111111	orig=61F
1865	6	29	8	0	0	17.2222222222	orig=63F
1865	6	30	8	0	0	14.4444444444	orig=58F
1865	7	1	8	0	0	14.4444444444	orig=58F
1865	7	3	8	0	0	17.2222222222	orig=63F
1865	7	4	8	0	0	17.7777777778	orig=64F
1865	7	5	8	0	0	16.1111111111	orig=61F
1865	7	6	8	0	0	17.2222222222	orig=63F
1865	7	7	8	0	0	17.2222222222	orig=63F
1865	7	8	8	0	0	15.5555555556	orig=60F
1865	7	10	8	0	0	14.4444444444	orig=58F
1865	7	11	8	0	0	12.7777777778	orig=55F
1865	7	12	8	0	0	13.3333333333	orig=56F
1865	7	13	8	0	0	15.5555555556	orig=60F
1865	7	14	8	0	0	15	orig=59F
1865	7	15	8	0	0	15.5555555556	orig=60F
1865	7	17	8	0	0	15	orig=59F
1865	7	18	8	0	0	15	orig=59F
1865	7	19	8	0	0	15	orig=59F
1865	7	20	8	0	0	16.1111111111	orig=61F
1865	7	21	8	0	0	16.1111111111	orig=61F
1865	7	22	8	0	0	16.6666666667	orig=62F
1865	7	24	8	0	0	17.2222222222	orig=63F
1865	7	25	8	0	0	17.2222222222	orig=63F
1865	7	26	8	0	0	17.2222222222	orig=63F
1865	7	27	8	0	0	16.6666666667	orig=62F
1865	7	28	8	0	0	15	orig=59F
1865	7	29	8	0	0	15.5555555556	orig=60F
1865	7	31	8	0	0	12.7777777778	orig=55F
1865	8	2	8	0	0	11.6666666667	orig=53F
1865	8	3	8	0	0	12.7777777778	orig=55F
1865	8	4	8	0	0	12.7777777778	orig=55F
1865	8	5	8	0	0	14.4444444444	orig=58F
1865	8	7	8	0	0	16.1111111111	orig=61F
1865	8	8	8	0	0	15	orig=59F
1865	8	9	8	0	0	15	orig=59F
1865	8	10	8	0	0	13.3333333333	orig=56F
1865	8	11	8	0	0	15	orig=59F
1865	8	12	8	0	0	15	orig=59F
1865	8	14	8	0	0	15	orig=59F
1865	8	15	8	0	0	15	orig=59F
1865	8	16	8	0	0	14.4444444444	orig=58F
1865	8	17	8	0	0	14.4444444444	orig=58F
1865	8	18	8	0	0	14.4444444444	orig=58F
1865	8	19	8	0	0	15	orig=59F
1865	8	21	8	0	0	14.4444444444	orig=58F
1865	8	22	8	0	0	15	orig=59F
1865	8	23	8	0	0	15	orig=59F
1865	8	24	8	0	0	15	orig=59F
1865	8	25	8	0	0	15	orig=59F
1865	8	26	8	0	0	15.5555555556	orig=60F
1865	8	28	8	0	0	15	orig=59F
1865	8	29	8	0	0	13.8888888889	orig=57F
1865	8	30	8	0	0	13.8888888889	orig=57F
1865	8	31	8	0	0	15.5555555556	orig=60F
1865	9	1	8	0	0	13.8888888889	orig=57F
1865	9	2	8	0	0	15.5555555556	orig=60F
1865	9	4	8	0	0	16.1111111111	orig=61F
1865	9	5	8	0	0	15.5555555556	orig=60F
1865	9	6	8	0	0	16.1111111111	orig=61F
1865	9	7	8	0	0	16.1111111111	orig=61F
1865	9	8	8	0	0	16.6666666667	orig=62F
1865	9	9	8	0	0	15.5555555556	orig=60F
1865	9	11	8	0	0	15.5555555556	orig=60F
1865	9	12	8	0	0	15.5555555556	orig=60F
1865	9	13	8	0	0	16.1111111111	orig=61F
1865	9	14	8	0	0	15.5555555556	orig=60F
1865	9	15	8	0	0	16.6666666667	orig=62F
1865	9	16	8	0	0	17.2222222222	orig=63F
1865	9	18	8	0	0	16.1111111111	orig=61F
1865	9	19	8	0	0	17.2222222222	orig=63F
1865	9	20	8	0	0	16.6666666667	orig=62F
1865	9	21	8	0	0	13.8888888889	orig=57F
1865	9	22	8	0	0	13.8888888889	orig=57F
1865	9	23	8	0	0	12.7777777778	orig=55F
1865	9	25	8	0	0	13.8888888889	orig=57F
1865	9	26	8	0	0	13.3333333333	orig=56F
1865	9	27	8	0	0	13.8888888889	orig=57F
1865	9	28	8	0	0	12.7777777778	orig=55F
1865	9	29	8	0	0	12.2222222222	orig=54F
1865	9	30	8	0	0	13.3333333333	orig=56F
1865	10	2	8	0	0	13.3333333333	orig=56F
1865	10	3	8	0	0	13.3333333333	orig=56F
1865	10	4	8	0	0	12.7777777778	orig=55F
1865	10	5	8	0	0	12.2222222222	orig=54F
1865	10	6	8	0	0	10.5555555556	orig=51F
1865	10	7	8	0	0	10	orig=50F
1865	10	9	8	0	0	13.3333333333	orig=56F
1865	10	10	8	0	0	12.7777777778	orig=55F
1865	10	11	8	0	0	13.3333333333	orig=56F
1865	10	12	8	0	0	11.6666666667	orig=53F
1865	10	13	8	0	0	10	orig=50F
1865	10	14	8	0	0	8.88888888889	orig=48F
1865	10	16	8	0	0	8.33333333333	orig=47F
1865	10	17	8	0	0	9.44444444444	orig=49F
1865	10	18	8	0	0	6.66666666667	orig=44F
1865	10	19	8	0	0	6.11111111111	orig=43F
1865	10	20	8	0	0	6.11111111111	orig=43F
1865	10	21	8	0	0	6.11111111111	orig=43F
1865	10	23	8	0	0	5	orig=41F
1865	10	24	8	0	0	9.44444444444	orig=49F
1865	10	25	8	0	0	8.33333333333	orig=47F
1865	10	26	8	0	0	5.55555555556	orig=42F
1865	10	27	8	0	0	7.77777777778	orig=46F
1865	10	28	8	0	0	4.44444444444	orig=40F
1865	10	30	8	0	0	8.33333333333	orig=47F
1865	10	31	8	0	0	6.66666666667	orig=44F
1865	11	1	8	0	0	6.66666666667	orig=44F
1865	11	2	8	0	0	5.55555555556	orig=42F
1865	11	3	8	0	0	6.11111111111	orig=43F
1865	11	4	8	0	0	6.11111111111	orig=43F
1865	11	6	8	0	0	2.77777777778	orig=37F
1865	11	7	8	0	0	4.44444444444	orig=40F
1865	11	8	8	0	0	3.33333333333	orig=38F
1865	11	9	8	0	0	4.44444444444	orig=40F
1865	11	10	8	0	0	7.22222222222	orig=45F
1865	11	11	8	0	0	8.33333333333	orig=47F
1865	11	13	8	0	0	5.55555555556	orig=42F
1865	11	14	8	0	0	3.33333333333	orig=38F
1865	11	15	8	0	0	7.77777777778	orig=46F
1865	11	16	8	0	0	7.77777777778	orig=46F
1865	11	17	8	0	0	11.1111111111	orig=52F
1865	11	18	8	0	0	9.44444444444	orig=49F
1865	11	20	8	0	0	8.88888888889	orig=48F
1865	11	21	8	0	0	10	orig=50F
1865	11	22	8	0	0	10	orig=50F
1865	11	23	8	0	0	9.44444444444	orig=49F
1865	11	24	8	0	0	7.22222222222	orig=45F
1865	11	25	8	0	0	7.22222222222	orig=45F
1865	11	27	8	0	0	5	orig=41F
1865	11	28	8	0	0	5.55555555556	orig=42F
1865	11	29	8	0	0	7.22222222222	orig=45F
1865	11	30	8	0	0	7.77777777778	orig=46F
1865	12	1	8	0	0	6.66666666667	orig=44F
1865	12	2	8	0	0	5	orig=41F
1865	12	4	8	0	0	4.44444444444	orig=40F
1865	12	5	8	0	0	8.33333333333	orig=47F
1865	12	6	8	0	0	8.88888888889	orig=48F
1865	12	7	8	0	0	11.1111111111	orig=52F
1865	12	8	8	0	0	10	orig=50F
1865	12	9	8	0	0	9.44444444444	orig=49F
1865	12	11	8	0	0	4.44444444444	orig=40F
1865	12	12	8	0	0	6.66666666667	orig=44F
1865	12	13	8	0	0	7.77777777778	orig=46F
1865	12	14	8	0	0	8.33333333333	orig=47F
1865	12	15	8	0	0	3.33333333333	orig=38F
1865	12	16	8	0	0	8.88888888889	orig=48F
1865	12	17	8	0	0	8.88888888889	orig=48F
1865	12	18	8	0	0	8.33333333333	orig=47F
1865	12	19	8	0	0	7.77777777778	orig=46F
1865	12	20	8	0	0	8.33333333333	orig=47F
1865	12	21	8	0	0	10.5555555556	orig=51F
1865	12	22	8	0	0	10	orig=50F
1865	12	23	8	0	0	10	orig=50F
1865	12	26	8	0	0	9.44444444444	orig=49F
1865	12	27	8	0	0	7.77777777778	orig=46F
1865	12	28	8	0	0	8.33333333333	orig=47F
1865	12	29	8	0	0	7.77777777778	orig=46F
1865	12	30	8	0	0	5	orig=41F
1866	1	1	8	0	0	4.44444444444	orig=40F
1866	1	2	8	0	0	5.55555555556	orig=42F
1866	1	3	8	0	0	7.22222222222	orig=45F
1866	1	4	8	0	0	9.44444444444	orig=49F
1866	1	5	8	0	0	5.55555555556	orig=42F
1866	1	6	8	0	0	5.55555555556	orig=42F
1866	1	8	8	0	0	6.11111111111	orig=43F
1866	1	9	8	0	0	5	orig=41F
1866	1	10	8	0	0	3.88888888889	orig=39F
1866	1	11	8	0	0	0	orig=32F
1866	1	12	8	0	0	0	orig=32F
1866	1	13	8	0	0	5.55555555556	orig=42F
1866	1	15	8	0	0	6.66666666667	orig=44F
1866	1	16	8	0	0	6.11111111111	orig=43F
1866	1	17	8	0	0	6.66666666667	orig=44F
1866	1	18	8	0	0	8.88888888889	orig=48F
1866	1	19	8	0	0	7.77777777778	orig=46F
1866	1	20	8	0	0	7.77777777778	orig=46F
1866	1	22	8	0	0	7.22222222222	orig=45F
1866	1	23	8	0	0	7.22222222222	orig=45F
1866	1	24	8	0	0	8.33333333333	orig=47F
1866	1	25	8	0	0	7.77777777778	orig=46F
1866	1	26	8	0	0	8.33333333333	orig=47F
1866	1	27	8	0	0	8.33333333333	orig=47F
1866	1	29	8	0	0	4.44444444444	orig=40F
1866	1	30	8	0	0	3.33333333333	orig=38F
1866	1	31	8	0	0	6.11111111111	orig=43F
1866	2	1	8	0	0	7.22222222222	orig=45F
1866	2	2	8	0	0	7.22222222222	orig=45F
1866	2	3	8	0	0	7.22222222222	orig=45F
1866	2	5	8	0	0	6.66666666667	orig=44F
1866	2	6	8	0	0	7.77777777778	orig=46F
1866	2	7	8	0	0	6.66666666667	orig=44F
1866	2	8	8	0	0	5	orig=41F
1866	2	9	8	0	0	5	orig=41F
1866	2	10	8	0	0	5.55555555556	orig=42F
1866	2	12	8	0	0	2.77777777778	orig=37F
1866	2	13	8	0	0	1.66666666667	orig=35F
1866	2	14	8	0	0	1.66666666667	orig=35F
1866	2	15	8	0	0	1.66666666667	orig=35F
1866	2	16	8	0	0	1.66666666667	orig=35F
1866	2	17	8	0	0	0	orig=32F
1866	2	19	8	0	0	4.44444444444	orig=40F
1866	2	20	8	0	0	2.77777777778	orig=37F
1866	2	21	8	0	0	1.66666666667	orig=35F
1866	2	22	8	0	0	6.66666666667	orig=44F
1866	2	23	8	0	0	7.22222222222	orig=45F
1866	2	24	8	0	0	4.44444444444	orig=40F
1866	2	26	8	0	0	4.44444444444	orig=40F
1866	2	27	8	0	0	2.22222222222	orig=36F
1866	2	28	8	0	0	0.555555555556	orig=33F
1866	3	1	8	0	0	-1.11111111111	orig=30F
1866	3	2	8	0	0	0	orig=32F
1866	3	3	8	0	0	3.88888888889	orig=39F
1866	3	5	8	0	0	1.11111111111	orig=34F
1866	3	6	8	0	0	3.88888888889	orig=39F
1866	3	7	8	0	0	1.66666666667	orig=35F
1866	3	8	8	0	0	2.77777777778	orig=37F
1866	3	9	8	0	0	3.33333333333	orig=38F
1866	3	10	8	0	0	2.77777777778	orig=37F
1866	3	12	8	0	0	6.11111111111	orig=43F
1866	3	13	8	0	0	3.88888888889	orig=39F
1866	3	14	8	0	0	1.66666666667	orig=35F
1866	3	15	8	0	0	2.77777777778	orig=37F
1866	3	16	8	0	0	5	orig=41F
1866	3	17	8	0	0	6.11111111111	orig=43F
1866	3	19	8	0	0	5.55555555556	orig=42F
1866	3	20	8	0	0	3.88888888889	orig=39F
1866	3	21	8	0	0	2.77777777778	orig=37F
1866	3	22	8	0	0	1.66666666667	orig=35F
1866	3	23	8	0	0	3.88888888889	orig=39F
1866	3	24	8	0	0	5	orig=41F
1866	3	26	8	0	0	6.66666666667	orig=44F
1866	3	28	8	0	0	8.33333333333	orig=47F
1866	3	29	8	0	0	8.88888888889	orig=48F
1866	3	31	8	0	0	7.22222222222	orig=45F
1866	4	3	8	0	0	3.88888888889	orig=39F
1866	4	4	8	0	0	4.44444444444	orig=40F
1866	4	5	8	0	0	4.44444444444	orig=40F
1866	4	6	8	0	0	5.55555555556	orig=42F
1866	4	7	8	0	0	6.11111111111	orig=43F
1866	4	9	8	0	0	6.66666666667	orig=44F
1866	4	10	8	0	0	7.22222222222	orig=45F
1866	4	11	8	0	0	7.77777777778	orig=46F
1866	4	12	8	0	0	8.33333333333	orig=47F
1866	4	13	8	0	0	8.88888888889	orig=48F
1866	4	14	8	0	0	8.88888888889	orig=48F
1866	4	16	8	0	0	9.44444444444	orig=49F
1866	4	17	8	0	0	9.44444444444	orig=49F
1866	4	18	8	0	0	8.88888888889	orig=48F
1866	4	19	8	0	0	7.77777777778	orig=46F
1866	4	20	8	0	0	8.33333333333	orig=47F
1866	4	21	8	0	0	8.88888888889	orig=48F
1866	4	23	8	0	0	10	orig=50F
1866	4	24	8	0	0	7.22222222222	orig=45F
1866	4	25	8	0	0	8.33333333333	orig=47F
1866	4	26	8	0	0	8.88888888889	orig=48F
1866	4	27	8	0	0	8.33333333333	orig=47F
1866	4	28	8	0	0	10	orig=50F
1866	4	30	8	0	0	8.88888888889	orig=48F
1866	5	1	8	0	0	5.55555555556	orig=42F
1866	5	2	8	0	0	5	orig=41F
1866	5	3	8	0	0	5.55555555556	orig=42F
1866	5	4	8	0	0	7.22222222222	orig=45F
1866	5	5	8	0	0	8.33333333333	orig=47F
1866	5	7	8	0	0	10	orig=50F
1866	5	8	8	0	0	10.5555555556	orig=51F
1866	5	9	8	0	0	10	orig=50F
1866	5	10	8	0	0	10.5555555556	orig=51F
1866	5	11	8	0	0	10	orig=50F
1866	5	12	8	0	0	9.44444444444	orig=49F
1866	5	14	8	0	0	8.88888888889	orig=48F
1866	5	15	8	0	0	8.33333333333	orig=47F
1866	5	16	8	0	0	8.33333333333	orig=47F
1866	5	17	8	0	0	10.5555555556	orig=51F
1866	5	18	8	0	0	10.5555555556	orig=51F
1866	5	19	8	0	0	12.7777777778	orig=55F
1866	5	21	8	0	0	13.8888888889	orig=57F
1866	5	22	8	0	0	12.2222222222	orig=54F
1866	5	23	8	0	0	12.7777777778	orig=55F
1866	5	24	8	0	0	12.2222222222	orig=54F
1866	5	25	8	0	0	11.6666666667	orig=53F
1866	5	26	8	0	0	12.2222222222	orig=54F
1866	5	28	8	0	0	11.1111111111	orig=52F
1866	5	29	8	0	0	8.33333333333	orig=47F
1866	5	30	8	0	0	10	orig=50F
1866	5	31	8	0	0	11.1111111111	orig=52F
1866	6	2	8	0	0	10.5555555556	orig=51F
1866	6	4	8	0	0	13.8888888889	orig=57F
1866	6	5	8	0	0	15	orig=59F
1866	6	6	8	0	0	14.4444444444	orig=58F
1866	6	7	8	0	0	13.8888888889	orig=57F
1866	6	8	8	0	0	13.3333333333	orig=56F
1866	6	9	8	0	0	13.8888888889	orig=57F
1866	6	11	8	0	0	13.3333333333	orig=56F
1866	6	12	8	0	0	13.3333333333	orig=56F
1866	6	13	8	0	0	13.3333333333	orig=56F
1866	6	14	8	0	0	13.3333333333	orig=56F
1866	6	15	8	0	0	12.7777777778	orig=55F
1866	6	16	8	0	0	10.5555555556	orig=51F
1866	6	18	8	0	0	10.5555555556	orig=51F
1866	6	19	8	0	0	11.1111111111	orig=52F
1866	6	20	8	0	0	12.2222222222	orig=54F
1866	6	21	8	0	0	13.3333333333	orig=56F
1866	6	22	8	0	0	13.8888888889	orig=57F
1866	6	23	8	0	0	15	orig=59F
1866	6	25	8	0	0	16.6666666667	orig=62F
1866	6	26	8	0	0	18.3333333333	orig=65F
1866	6	27	8	0	0	18.8888888889	orig=66F
1866	6	28	8	0	0	16.1111111111	orig=61F
1866	6	29	8	0	0	15	orig=59F
1866	6	30	8	0	0	16.6666666667	orig=62F
1866	7	2	8	0	0	12.2222222222	orig=54F
1866	7	3	8	0	0	12.2222222222	orig=54F
1866	7	4	8	0	0	13.3333333333	orig=56F
1866	7	5	8	0	0	13.3333333333	orig=56F
1866	7	6	8	0	0	12.2222222222	orig=54F
1866	7	7	8	0	0	12.7777777778	orig=55F
1866	7	9	8	0	0	15	orig=59F
1866	7	10	8	0	0	15	orig=59F
1866	7	11	8	0	0	15.5555555556	orig=60F
1866	7	12	8	0	0	17.2222222222	orig=63F
1866	7	13	8	0	0	20	orig=68F
1866	7	14	8	0	0	17.7777777778	orig=64F
1866	7	16	8	0	0	16.6666666667	orig=62F
1866	7	17	8	0	0	15.5555555556	orig=60F
1866	7	18	8	0	0	16.6666666667	orig=62F
1866	7	19	8	0	0	16.6666666667	orig=62F
1866	7	20	8	0	0	15.5555555556	orig=60F
1866	7	21	8	0	0	15	orig=59F
1866	7	23	8	0	0	15	orig=59F
1866	7	24	8	0	0	15	orig=59F
1866	7	25	8	0	0	16.1111111111	orig=61F
1866	7	26	8	0	0	15	orig=59F
1866	7	27	8	0	0	13.8888888889	orig=57F
1866	7	28	8	0	0	13.3333333333	orig=56F
1866	7	30	8	0	0	12.2222222222	orig=54F
1866	7	31	8	0	0	12.7777777778	orig=55F
1866	8	1	8	0	0	12.7777777778	orig=55F
1866	8	2	8	0	0	14.4444444444	orig=58F
1866	8	3	8	0	0	14.4444444444	orig=58F
1866	8	4	8	0	0	13.3333333333	orig=56F
1866	8	6	8	0	0	12.2222222222	orig=54F
1866	8	7	8	0	0	13.3333333333	orig=56F
1866	8	8	8	0	0	12.7777777778	orig=55F
1866	8	9	8	0	0	12.7777777778	orig=55F
1866	8	10	8	0	0	15	orig=59F
1866	8	11	8	0	0	12.2222222222	orig=54F
1866	8	13	8	0	0	13.3333333333	orig=56F
1866	8	14	8	0	0	13.8888888889	orig=57F
1866	8	15	8	0	0	13.3333333333	orig=56F
1866	8	16	8	0	0	12.2222222222	orig=54F
1866	8	17	8	0	0	12.7777777778	orig=55F
1866	8	18	8	0	0	12.2222222222	orig=54F
1866	8	20	8	0	0	14.4444444444	orig=58F
1866	8	21	8	0	0	14.4444444444	orig=58F
1866	8	22	8	0	0	13.8888888889	orig=57F
1866	8	23	8	0	0	14.4444444444	orig=58F
1866	8	24	8	0	0	15.5555555556	orig=60F
1866	8	25	8	0	0	16.1111111111	orig=61F
1866	8	27	8	0	0	15.5555555556	orig=60F
1866	8	28	8	0	0	13.8888888889	orig=57F
1866	8	29	8	0	0	13.8888888889	orig=57F
1866	8	30	8	0	0	14.4444444444	orig=58F
1866	8	31	8	0	0	13.8888888889	orig=57F
1866	9	1	8	0	0	13.8888888889	orig=57F
1866	9	3	8	0	0	12.7777777778	orig=55F
1866	9	4	8	0	0	12.2222222222	orig=54F
1866	9	5	8	0	0	13.3333333333	orig=56F
1866	9	6	8	0	0	12.7777777778	orig=55F
1866	9	7	8	0	0	12.7777777778	orig=55F
1866	9	8	8	0	0	12.7777777778	orig=55F
1866	9	10	8	0	0	13.8888888889	orig=57F
1866	9	11	8	0	0	13.3333333333	orig=56F
1866	9	12	8	0	0	12.2222222222	orig=54F
1866	9	13	8	0	0	12.2222222222	orig=54F
1866	9	14	8	0	0	12.7777777778	orig=55F
1866	9	15	8	0	0	11.6666666667	orig=53F
1866	9	17	8	0	0	12.7777777778	orig=55F
1866	9	18	8	0	0	11.6666666667	orig=53F
1866	9	19	8	0	0	12.7777777778	orig=55F
1866	9	20	8	0	0	12.2222222222	orig=54F
1866	9	21	8	0	0	11.1111111111	orig=52F
1866	9	22	8	0	0	11.1111111111	orig=52F
1866	9	24	8	0	0	10	orig=50F
1866	9	25	8	0	0	12.2222222222	orig=54F
1866	9	26	8	0	0	12.7777777778	orig=55F
1866	9	27	8	0	0	12.2222222222	orig=54F
1866	9	28	8	0	0	10.5555555556	orig=51F
1866	9	29	8	0	0	11.6666666667	orig=53F
1866	10	1	8	0	0	14.4444444444	orig=58F
1866	10	2	8	0	0	12.2222222222	orig=54F
1866	10	3	8	0	0	12.7777777778	orig=55F
1866	10	4	8	0	0	13.8888888889	orig=57F
1866	10	5	8	0	0	13.3333333333	orig=56F
1866	10	6	8	0	0	12.7777777778	orig=55F
1866	10	8	8	0	0	12.7777777778	orig=55F
1866	10	9	8	0	0	13.3333333333	orig=56F
1866	10	10	8	0	0	10	orig=50F
1866	10	11	8	0	0	10	orig=50F
1866	10	12	8	0	0	13.3333333333	orig=56F
1866	10	13	8	0	0	10.5555555556	orig=51F
1866	10	15	8	0	0	8.88888888889	orig=48F
1866	10	16	8	0	0	7.77777777778	orig=46F
1866	10	17	8	0	0	6.66666666667	orig=44F
1866	10	18	8	0	0	9.44444444444	orig=49F
1866	10	19	8	0	0	12.2222222222	orig=54F
1866	10	20	8	0	0	12.2222222222	orig=54F
1866	10	22	8	0	0	12.7777777778	orig=55F
1866	10	23	8	0	0	12.2222222222	orig=54F
1866	10	24	8	0	0	11.1111111111	orig=52F
1866	10	25	8	0	0	6.66666666667	orig=44F
1866	10	26	8	0	0	5	orig=41F
1866	10	27	8	0	0	11.1111111111	orig=52F
1866	10	29	8	0	0	9.44444444444	orig=49F
1866	10	30	8	0	0	11.6666666667	orig=53F
1866	10	31	8	0	0	9.44444444444	orig=49F
1866	11	1	8	0	0	11.6666666667	orig=53F
1866	11	2	8	0	0	9.44444444444	orig=49F
1866	11	3	8	0	0	5.55555555556	orig=42F
1866	11	5	8	0	0	11.1111111111	orig=52F
1866	11	6	8	0	0	9.44444444444	orig=49F
1866	11	7	8	0	0	11.6666666667	orig=53F
1866	11	8	8	0	0	10	orig=50F
1866	11	9	8	0	0	7.77777777778	orig=46F
1866	11	10	8	0	0	5	orig=41F
1866	11	12	8	0	0	8.88888888889	orig=48F
1866	11	13	8	0	0	8.88888888889	orig=48F
1866	11	14	8	0	0	7.22222222222	orig=45F
1866	11	15	8	0	0	7.22222222222	orig=45F
1866	11	16	8	0	0	5.55555555556	orig=42F
1866	11	17	8	0	0	2.22222222222	orig=36F
1866	11	19	8	0	0	2.77777777778	orig=37F
1866	11	20	8	0	0	1.66666666667	orig=35F
1866	11	21	8	0	0	6.11111111111	orig=43F
1866	11	22	8	0	0	7.22222222222	orig=45F
1866	11	23	8	0	0	7.77777777778	orig=46F
1866	11	24	8	0	0	6.66666666667	orig=44F
1866	11	26	8	0	0	7.22222222222	orig=45F
1866	11	27	8	0	0	8.33333333333	orig=47F
1866	11	28	8	0	0	8.88888888889	orig=48F
1866	11	29	8	0	0	8.88888888889	orig=48F
1866	11	30	8	0	0	8.33333333333	orig=47F
1866	12	1	8	0	0	3.33333333333	orig=38F
1866	12	3	8	0	0	7.77777777778	orig=46F
1866	12	4	8	0	0	7.77777777778	orig=46F
1866	12	5	8	0	0	7.77777777778	orig=46F
1866	12	6	8	0	0	7.22222222222	orig=45F
1866	12	7	8	0	0	7.22222222222	orig=45F
1866	12	8	8	0	0	3.88888888889	orig=39F
1866	12	10	8	0	0	7.22222222222	orig=45F
1866	12	11	8	0	0	3.88888888889	orig=39F
1866	12	12	8	0	0	4.44444444444	orig=40F
1866	12	13	8	0	0	7.22222222222	orig=45F
1866	12	14	8	0	0	7.22222222222	orig=45F
1866	12	15	8	0	0	7.77777777778	orig=46F
1866	12	17	8	0	0	8.88888888889	orig=48F
1866	12	18	8	0	0	10.5555555556	orig=51F
1866	12	19	8	0	0	7.22222222222	orig=45F
1866	12	20	8	0	0	8.33333333333	orig=47F
1866	12	21	8	0	0	9.44444444444	orig=49F
1866	12	22	8	0	0	5	orig=41F
1866	12	24	8	0	0	5.55555555556	orig=42F
1866	12	26	8	0	0	6.66666666667	orig=44F
1866	12	27	8	0	0	7.22222222222	orig=45F
1866	12	28	8	0	0	9.44444444444	orig=49F
1866	12	29	8	0	0	9.44444444444	orig=49F
1866	12	31	8	0	0	2.22222222222	orig=36F
1867	1	1	8	0	0	0	orig=32F
1867	1	2	8	0	0	-1.66666666667	orig=29F
1867	1	3	8	0	0	-2.77777777778	orig=27F
1867	1	4	8	0	0	-2.22222222222	orig=28F
1867	1	5	8	0	0	-3.33333333333	orig=26F
1867	1	7	8	0	0	2.77777777778	orig=37F
1867	1	8	8	0	0	4.44444444444	orig=40F
1867	1	9	8	0	0	3.88888888889	orig=39F
1867	1	10	8	0	0	2.77777777778	orig=37F
1867	1	11	8	0	0	0	orig=32F
1867	1	12	8	0	0	-3.33333333333	orig=26F
1867	1	14	8	0	0	-0.555555555556	orig=31F
1867	1	15	8	0	0	-4.44444444444	orig=24F
1867	1	16	8	0	0	-1.66666666667	orig=29F
1867	1	17	8	0	0	-1.66666666667	orig=29F
1867	1	18	8	0	0	-2.22222222222	orig=28F
1867	1	19	8	0	0	0	orig=32F
1867	1	21	8	0	0	-1.11111111111	orig=30F
1867	1	22	8	0	0	-2.77777777778	orig=27F
1867	1	23	8	0	0	-1.11111111111	orig=30F
1867	1	24	8	0	0	5.55555555556	orig=42F
1867	1	25	8	0	0	6.66666666667	orig=44F
1867	1	26	8	0	0	2.77777777778	orig=37F
1867	1	29	8	0	0	7.22222222222	orig=45F
1867	1	30	8	0	0	7.22222222222	orig=45F
1867	1	31	8	0	0	5.55555555556	orig=42F
1867	2	1	8	0	0	7.22222222222	orig=45F
1867	2	2	8	0	0	6.11111111111	orig=43F
1867	2	4	8	0	0	7.22222222222	orig=45F
1867	2	5	8	0	0	5.55555555556	orig=42F
1867	2	6	8	0	0	5.55555555556	orig=42F
1867	2	7	8	0	0	5.55555555556	orig=42F
1867	2	8	8	0	0	6.66666666667	orig=44F
1867	2	9	8	0	0	6.11111111111	orig=43F
1867	2	11	8	0	0	4.44444444444	orig=40F
1867	2	12	8	0	0	8.33333333333	orig=47F
1867	2	13	8	0	0	7.77777777778	orig=46F
1867	2	14	8	0	0	6.66666666667	orig=44F
1867	2	15	8	0	0	5.55555555556	orig=42F
1867	2	16	8	0	0	6.11111111111	orig=43F
1867	2	18	8	0	0	6.66666666667	orig=44F
1867	2	19	8	0	0	7.77777777778	orig=46F
1867	2	20	8	0	0	7.22222222222	orig=45F
1867	2	21	8	0	0	8.88888888889	orig=48F
1867	2	22	8	0	0	8.33333333333	orig=47F
1867	2	23	8	0	0	6.11111111111	orig=43F
1867	2	25	8	0	0	7.77777777778	orig=46F
1867	2	26	8	0	0	4.44444444444	orig=40F
1867	2	27	8	0	0	1.66666666667	orig=35F
1867	2	28	8	0	0	1.11111111111	orig=34F
1867	3	1	8	0	0	2.22222222222	orig=36F
1867	3	2	8	0	0	4.44444444444	orig=40F
1867	3	4	8	0	0	6.11111111111	orig=43F
1867	3	5	8	0	0	3.88888888889	orig=39F
1867	3	6	8	0	0	5	orig=41F
1867	3	7	8	0	0	3.33333333333	orig=38F
1867	3	8	8	0	0	2.22222222222	orig=36F
1867	3	9	8	0	0	2.77777777778	orig=37F
1867	3	11	8	0	0	1.66666666667	orig=35F
1867	3	12	8	0	0	0	orig=32F
1867	3	13	8	0	0	0	orig=32F
1867	3	14	8	0	0	0.555555555556	orig=33F
1867	3	15	8	0	0	0.555555555556	orig=33F
1867	3	16	8	0	0	0	orig=32F
1867	3	18	8	0	0	0.555555555556	orig=33F
1867	3	19	8	0	0	1.11111111111	orig=34F
1867	3	20	8	0	0	0.555555555556	orig=33F
1867	3	21	8	0	0	0	orig=32F
1867	3	22	8	0	0	1.11111111111	orig=34F
1867	3	23	8	0	0	2.77777777778	orig=37F
1867	3	25	8	0	0	6.66666666667	orig=44F
1867	3	26	8	0	0	7.77777777778	orig=46F
1867	3	27	8	0	0	7.22222222222	orig=45F
1867	3	28	8	0	0	5.55555555556	orig=42F
1867	3	29	8	0	0	6.11111111111	orig=43F
1867	3	30	8	0	0	7.77777777778	orig=46F
1867	4	1	8	0	0	7.22222222222	orig=45F
1867	4	2	8	0	0	9.44444444444	orig=49F
1867	4	3	8	0	0	8.33333333333	orig=47F
1867	4	4	8	0	0	8.88888888889	orig=48F
1867	4	5	8	0	0	7.22222222222	orig=45F
1867	4	6	8	0	0	9.44444444444	orig=49F
1867	4	8	8	0	0	8.33333333333	orig=47F
1867	4	9	8	0	0	7.77777777778	orig=46F
1867	4	10	8	0	0	7.77777777778	orig=46F
1867	4	11	8	0	0	7.22222222222	orig=45F
1867	4	12	8	0	0	6.66666666667	orig=44F
1867	4	13	8	0	0	7.77777777778	orig=46F
1867	4	15	8	0	0	7.77777777778	orig=46F
1867	4	16	8	0	0	7.77777777778	orig=46F
1867	4	17	8	0	0	7.22222222222	orig=45F
1867	4	18	8	0	0	8.88888888889	orig=48F
1867	4	20	8	0	0	8.88888888889	orig=48F
1867	4	21	8	0	0	9.44444444444	orig=49F
1867	4	22	8	0	0	8.88888888889	orig=48F
1867	4	23	8	0	0	8.33333333333	orig=47F
1867	4	24	8	0	0	9.44444444444	orig=49F
1867	4	25	8	0	0	6.66666666667	orig=44F
1867	4	26	8	0	0	6.66666666667	orig=44F
1867	4	27	8	0	0	7.77777777778	orig=46F
1867	4	29	8	0	0	8.33333333333	orig=47F
1867	4	30	8	0	0	10	orig=50F
1867	5	1	8	0	0	8.88888888889	orig=48F
1867	5	2	8	0	0	8.88888888889	orig=48F
1867	5	3	8	0	0	10	orig=50F
1867	5	4	8	0	0	12.2222222222	orig=54F
1867	5	6	8	0	0	13.3333333333	orig=56F
1867	5	7	8	0	0	12.7777777778	orig=55F
1867	5	8	8	0	0	12.7777777778	orig=55F
1867	5	9	8	0	0	11.6666666667	orig=53F
1867	5	10	8	0	0	11.6666666667	orig=53F
1867	5	11	8	0	0	10.5555555556	orig=51F
1867	5	13	8	0	0	6.11111111111	orig=43F
1867	5	14	8	0	0	6.11111111111	orig=43F
1867	5	15	8	0	0	6.66666666667	orig=44F
1867	5	16	8	0	0	7.22222222222	orig=45F
1867	5	17	8	0	0	7.77777777778	orig=46F
1867	5	18	8	0	0	10	orig=50F
1867	5	20	8	0	0	10.5555555556	orig=51F
1867	5	21	8	0	0	7.22222222222	orig=45F
1867	5	22	8	0	0	7.22222222222	orig=45F
1867	5	23	8	0	0	7.77777777778	orig=46F
1867	5	24	8	0	0	8.33333333333	orig=47F
1867	5	25	8	0	0	8.88888888889	orig=48F
1867	5	27	8	0	0	9.44444444444	orig=49F
1867	5	28	8	0	0	10.5555555556	orig=51F
1867	5	29	8	0	0	10.5555555556	orig=51F
1867	5	30	8	0	0	11.6666666667	orig=53F
1867	5	31	8	0	0	12.7777777778	orig=55F
1867	6	1	8	0	0	12.2222222222	orig=54F
1867	6	3	8	0	0	13.3333333333	orig=56F
1867	6	4	8	0	0	13.3333333333	orig=56F
1867	6	5	8	0	0	13.3333333333	orig=56F
1867	6	6	8	0	0	12.7777777778	orig=55F
1867	6	7	8	0	0	12.2222222222	orig=54F
1867	6	8	8	0	0	10.5555555556	orig=51F
1867	6	9	8	0	0	12.7777777778	orig=55F
1867	6	10	8	0	0	13.3333333333	orig=56F
1867	6	11	8	0	0	15.5555555556	orig=60F
1867	6	12	8	0	0	13.8888888889	orig=57F
1867	6	13	8	0	0	13.3333333333	orig=56F
1867	6	14	8	0	0	11.6666666667	orig=53F
1867	6	15	8	0	0	11.1111111111	orig=52F
1867	6	16	8	0	0	13.3333333333	orig=56F
1867	6	17	8	0	0	12.2222222222	orig=54F
1867	6	18	8	0	0	12.7777777778	orig=55F
1867	6	19	8	0	0	12.7777777778	orig=55F
1867	6	20	8	0	0	13.3333333333	orig=56F
1867	6	21	8	0	0	13.3333333333	orig=56F
1867	6	22	8	0	0	12.7777777778	orig=55F
1867	6	23	8	0	0	15	orig=59F
1867	6	24	8	0	0	14.4444444444	orig=58F
1867	6	25	8	0	0	14.4444444444	orig=58F
1867	6	26	8	0	0	14.4444444444	orig=58F
1867	6	27	8	0	0	15.5555555556	orig=60F
1867	6	28	8	0	0	13.8888888889	orig=57F
1867	6	29	8	0	0	15.5555555556	orig=60F
1867	6	30	8	0	0	15	orig=59F
1867	7	1	8	0	0	13.8888888889	orig=57F
1867	7	2	8	0	0	12.7777777778	orig=55F
1867	7	3	8	0	0	13.8888888889	orig=57F
1867	7	4	8	0	0	14.4444444444	orig=58F
1867	7	5	8	0	0	12.2222222222	orig=54F
1867	7	6	8	0	0	12.2222222222	orig=54F
1867	7	7	8	0	0	15.5555555556	orig=60F
1867	7	8	8	0	0	13.3333333333	orig=56F
1867	7	9	8	0	0	15.5555555556	orig=60F
1867	7	10	8	0	0	16.6666666667	orig=62F
1867	7	11	8	0	0	16.6666666667	orig=62F
1867	7	12	8	0	0	17.2222222222	orig=63F
1867	7	13	8	0	0	16.6666666667	orig=62F
1867	7	14	8	0	0	16.1111111111	orig=61F
1867	7	15	8	0	0	15.5555555556	orig=60F
1867	7	16	8	0	0	15	orig=59F
1867	7	17	8	0	0	14.4444444444	orig=58F
1867	7	18	8	0	0	13.8888888889	orig=57F
1867	7	19	8	0	0	14.4444444444	orig=58F
1867	7	20	8	0	0	13.3333333333	orig=56F
1867	7	23	8	0	0	12.2222222222	orig=54F
1867	7	24	8	0	0	11.1111111111	orig=52F
1867	7	25	8	0	0	11.1111111111	orig=52F
1867	7	26	8	0	0	11.1111111111	orig=52F
1867	7	27	8	0	0	12.2222222222	orig=54F
1867	7	29	8	0	0	12.7777777778	orig=55F
1867	7	30	8	0	0	13.3333333333	orig=56F
1867	7	31	8	0	0	12.7777777778	orig=55F
1867	8	1	8	0	0	8.33333333333	orig=47F
1867	8	2	8	0	0	13.8888888889	orig=57F
1867	8	3	8	0	0	14.4444444444	orig=58F
1867	8	5	8	0	0	15	orig=59F
1867	8	6	8	0	0	15	orig=59F
1867	8	7	8	0	0	15	orig=59F
1867	8	8	8	0	0	13.3333333333	orig=56F
1867	8	9	8	0	0	13.8888888889	orig=57F
1867	8	10	8	0	0	15	orig=59F
1867	8	11	8	0	0	15	orig=59F
1867	8	12	8	0	0	16.6666666667	orig=62F
1867	8	13	8	0	0	16.1111111111	orig=61F
1867	8	14	8	0	0	18.3333333333	orig=65F
1867	8	15	8	0	0	16.1111111111	orig=61F
1867	8	17	8	0	0	14.4444444444	orig=58F
1867	8	18	8	0	0	16.1111111111	orig=61F
1867	8	19	8	0	0	13.3333333333	orig=56F
1867	8	20	8	0	0	14.4444444444	orig=58F
1867	8	21	8	0	0	15	orig=59F
1867	8	22	8	0	0	15	orig=59F
1867	8	23	8	0	0	14.4444444444	orig=58F
1867	8	24	8	0	0	15.5555555556	orig=60F
1867	8	25	8	0	0	15.5555555556	orig=60F
1867	8	26	8	0	0	14.4444444444	orig=58F
1867	8	27	8	0	0	13.8888888889	orig=57F
1867	8	28	8	0	0	14.4444444444	orig=58F
1867	8	29	8	0	0	14.4444444444	orig=58F
1867	8	30	8	0	0	15.5555555556	orig=60F
1867	8	31	8	0	0	15.5555555556	orig=60F
1867	9	1	8	0	0	12.7777777778	orig=55F
1867	9	2	8	0	0	12.2222222222	orig=54F
1867	9	3	8	0	0	13.8888888889	orig=57F
1867	9	4	8	0	0	15.5555555556	orig=60F
1867	9	5	8	0	0	14.4444444444	orig=58F
1867	9	6	8	0	0	13.3333333333	orig=56F
1867	9	7	8	0	0	14.4444444444	orig=58F
1867	9	8	8	0	0	15.5555555556	orig=60F
1867	9	9	8	0	0	14.4444444444	orig=58F
1867	9	10	8	0	0	14.4444444444	orig=58F
1867	9	11	8	0	0	13.8888888889	orig=57F
1867	9	12	8	0	0	15.5555555556	orig=60F
1867	9	13	8	0	0	14.4444444444	orig=58F
1867	9	14	8	0	0	13.8888888889	orig=57F
1867	9	15	8	0	0	13.8888888889	orig=57F
1867	9	16	8	0	0	12.7777777778	orig=55F
1867	9	17	8	0	0	11.1111111111	orig=52F
1867	9	18	8	0	0	11.1111111111	orig=52F
1867	9	19	8	0	0	12.7777777778	orig=55F
1867	9	20	8	0	0	11.6666666667	orig=53F
1867	9	21	8	0	0	12.7777777778	orig=55F
1867	9	22	8	0	0	13.3333333333	orig=56F
1867	9	23	8	0	0	13.8888888889	orig=57F
1867	9	24	8	0	0	10	orig=50F
1867	9	25	8	0	0	12.7777777778	orig=55F
1867	9	26	8	0	0	13.3333333333	orig=56F
1867	9	27	8	0	0	12.7777777778	orig=55F
1867	9	28	8	0	0	13.8888888889	orig=57F
1867	9	29	8	0	0	14.4444444444	orig=58F
1867	9	30	8	0	0	12.7777777778	orig=55F
1867	10	1	8	0	0	10.5555555556	orig=51F
1867	10	2	8	0	0	11.6666666667	orig=53F
1867	10	3	8	0	0	7.77777777778	orig=46F
1867	10	4	8	0	0	5.55555555556	orig=42F
1867	10	5	8	0	0	5.55555555556	orig=42F
1867	10	6	8	0	0	8.88888888889	orig=48F
1867	10	7	8	0	0	8.33333333333	orig=47F
1867	10	8	8	0	0	7.77777777778	orig=46F
1867	10	9	8	0	0	8.33333333333	orig=47F
1867	10	10	8	0	0	7.77777777778	orig=46F
1867	10	11	8	0	0	11.6666666667	orig=53F
1867	10	12	8	0	0	12.7777777778	orig=55F
1867	10	13	8	0	0	10	orig=50F
1867	10	14	8	0	0	7.22222222222	orig=45F
1867	10	15	8	0	0	11.6666666667	orig=53F
1867	10	16	8	0	0	10.5555555556	orig=51F
1867	10	17	8	0	0	12.2222222222	orig=54F
1867	10	18	8	0	0	11.1111111111	orig=52F
1867	10	19	8	0	0	11.1111111111	orig=52F
1867	10	20	8	0	0	11.1111111111	orig=52F
1867	10	21	8	0	0	12.2222222222	orig=54F
1867	10	22	8	0	0	11.1111111111	orig=52F
1867	10	23	8	0	0	12.2222222222	orig=54F
1867	10	24	8	0	0	11.1111111111	orig=52F
1867	10	25	8	0	0	8.88888888889	orig=48F
1867	10	26	8	0	0	10.5555555556	orig=51F
1867	10	27	8	0	0	8.88888888889	orig=48F
1867	10	28	8	0	0	8.33333333333	orig=47F
1867	10	29	8	0	0	10.5555555556	orig=51F
1867	10	30	8	0	0	9.44444444444	orig=49F
1867	10	31	8	0	0	10.5555555556	orig=51F
1867	11	1	8	0	0	8.88888888889	orig=48F
1867	11	2	8	0	0	7.77777777778	orig=46F
1867	11	3	8	0	0	8.88888888889	orig=48F
1867	11	4	8	0	0	10.5555555556	orig=51F
1867	11	5	8	0	0	5.55555555556	orig=42F
1867	11	6	8	0	0	4.44444444444	orig=40F
1867	11	7	8	0	0	8.33333333333	orig=47F
1867	11	8	8	0	0	10.5555555556	orig=51F
1867	11	9	8	0	0	10.5555555556	orig=51F
1867	11	10	8	0	0	7.77777777778	orig=46F
1867	11	11	8	0	0	8.33333333333	orig=47F
1867	11	12	8	0	0	7.77777777778	orig=46F
1867	11	13	8	0	0	8.88888888889	orig=48F
1867	11	14	8	0	0	7.77777777778	orig=46F
1867	11	15	8	0	0	8.33333333333	orig=47F
1867	11	16	8	0	0	6.66666666667	orig=44F
1867	11	17	8	0	0	5	orig=41F
1867	11	18	8	0	0	3.33333333333	orig=38F
1867	11	19	8	0	0	7.22222222222	orig=45F
1867	11	20	8	0	0	4.44444444444	orig=40F
1867	11	21	8	0	0	3.88888888889	orig=39F
1867	11	22	8	0	0	2.22222222222	orig=36F
1867	11	23	8	0	0	3.33333333333	orig=38F
1867	11	24	8	0	0	5.55555555556	orig=42F
1867	11	25	8	0	0	8.33333333333	orig=47F
1867	11	26	8	0	0	9.44444444444	orig=49F
1867	11	27	8	0	0	9.44444444444	orig=49F
1867	11	28	8	0	0	5	orig=41F
1867	11	29	8	0	0	8.88888888889	orig=48F
1867	11	30	8	0	0	8.88888888889	orig=48F
1867	12	1	8	0	0	4.44444444444	orig=40F
1867	12	2	8	0	0	0.555555555556	orig=33F
1867	12	3	8	0	0	2.22222222222	orig=36F
1867	12	4	8	0	0	5	orig=41F
1867	12	5	8	0	0	4.44444444444	orig=40F
1867	12	6	8	0	0	2.22222222222	orig=36F
1867	12	7	8	0	0	1.66666666667	orig=35F
1867	12	8	8	0	0	7.22222222222	orig=45F
1867	12	9	8	0	0	4.44444444444	orig=40F
1867	12	10	8	0	0	6.11111111111	orig=43F
1867	12	11	8	0	0	6.66666666667	orig=44F
1867	12	12	8	0	0	6.66666666667	orig=44F
1867	12	13	8	0	0	8.88888888889	orig=48F
1867	12	14	8	0	0	9.44444444444	orig=49F
1867	12	15	8	0	0	8.33333333333	orig=47F
1867	12	16	8	0	0	10.5555555556	orig=51F
1867	12	17	8	0	0	8.33333333333	orig=47F
1867	12	18	8	0	0	6.11111111111	orig=43F
1867	12	19	8	0	0	2.77777777778	orig=37F
1867	12	20	8	0	0	1.66666666667	orig=35F
1867	12	21	8	0	0	9.44444444444	orig=49F
1867	12	22	8	0	0	7.22222222222	orig=45F
1867	12	23	8	0	0	8.88888888889	orig=48F
1867	12	24	8	0	0	8.88888888889	orig=48F
1867	12	25	8	0	0	10	orig=50F
1867	12	26	8	0	0	8.33333333333	orig=47F
1867	12	27	8	0	0	7.77777777778	orig=46F
1867	12	28	8	0	0	7.77777777778	orig=46F
1867	12	29	8	0	0	5	orig=41F
1867	12	30	8	0	0	3.33333333333	orig=38F
1868	1	1	8	0	0	1.66666666667	orig=35F
1868	1	2	8	0	0	1.66666666667	orig=35F
1868	1	3	8	0	0	1.11111111111	orig=34F
1868	1	4	8	0	0	0.555555555556	orig=33F
1868	1	5	8	0	0	1.66666666667	orig=35F
1868	1	6	8	0	0	2.77777777778	orig=37F
1868	1	7	8	0	0	3.88888888889	orig=39F
1868	1	8	8	0	0	4.44444444444	orig=40F
1868	1	9	8	0	0	3.88888888889	orig=39F
1868	1	10	8	0	0	2.77777777778	orig=37F
1868	1	11	8	0	0	2.77777777778	orig=37F
1868	1	12	8	0	0	6.11111111111	orig=43F
1868	1	13	8	0	0	5	orig=41F
1868	1	14	8	0	0	8.88888888889	orig=48F
1868	1	15	8	0	0	6.66666666667	orig=44F
1868	1	16	8	0	0	7.77777777778	orig=46F
1868	1	17	8	0	0	8.88888888889	orig=48F
1868	1	18	8	0	0	8.33333333333	orig=47F
1868	1	19	8	0	0	6.66666666667	orig=44F
1868	1	20	8	0	0	2.77777777778	orig=37F
1868	1	21	8	0	0	2.77777777778	orig=37F
1868	1	22	8	0	0	1.66666666667	orig=35F
1868	1	23	8	0	0	1.66666666667	orig=35F
1868	1	24	8	0	0	3.33333333333	orig=38F
1868	1	25	8	0	0	6.66666666667	orig=44F
1868	1	26	8	0	0	5	orig=41F
1868	1	27	8	0	0	7.22222222222	orig=45F
1868	1	28	8	0	0	8.33333333333	orig=47F
1868	1	29	8	0	0	5	orig=41F
1868	1	30	8	0	0	5	orig=41F
1868	1	31	8	0	0	8.88888888889	orig=48F
1868	2	1	8	0	0	7.22222222222	orig=45F
1868	2	2	8	0	0	5.55555555556	orig=42F
1868	2	3	8	0	0	4.44444444444	orig=40F
1868	2	4	8	0	0	6.66666666667	orig=44F
1868	2	5	8	0	0	7.77777777778	orig=46F
1868	2	6	8	0	0	6.66666666667	orig=44F
1868	2	7	8	0	0	7.22222222222	orig=45F
1868	2	8	8	0	0	3.33333333333	orig=38F
1868	2	9	8	0	0	5	orig=41F
1868	2	10	8	0	0	8.88888888889	orig=48F
1868	2	11	8	0	0	6.66666666667	orig=44F
1868	2	12	8	0	0	6.66666666667	orig=44F
1868	2	13	8	0	0	7.22222222222	orig=45F
1868	2	14	8	0	0	7.77777777778	orig=46F
1868	2	15	8	0	0	5.55555555556	orig=42F
1868	2	16	8	0	0	6.11111111111	orig=43F
1868	2	17	8	0	0	6.66666666667	orig=44F
1868	2	18	8	0	0	6.66666666667	orig=44F
1868	2	19	8	0	0	5	orig=41F
1868	2	20	8	0	0	6.66666666667	orig=44F
1868	2	21	8	0	0	6.66666666667	orig=44F
1868	2	22	8	0	0	5.55555555556	orig=42F
1868	2	23	8	0	0	5	orig=41F
1868	2	24	8	0	0	9.44444444444	orig=49F
1868	2	25	8	0	0	10.5555555556	orig=51F
1868	2	26	8	0	0	9.44444444444	orig=49F
1868	2	27	8	0	0	9.44444444444	orig=49F
1868	2	28	8	0	0	7.22222222222	orig=45F
1868	2	29	8	0	0	7.22222222222	orig=45F
1868	3	1	8	0	0	5	orig=41F
1868	3	2	8	0	0	6.11111111111	orig=43F
1868	3	3	8	0	0	8.33333333333	orig=47F
1868	3	4	8	0	0	7.22222222222	orig=45F
1868	3	5	8	0	0	6.66666666667	orig=44F
1868	3	6	8	0	0	5.55555555556	orig=42F
1868	3	7	8	0	0	6.11111111111	orig=43F
1868	3	8	8	0	0	5	orig=41F
1868	3	9	8	0	0	5.55555555556	orig=42F
1868	3	10	8	0	0	6.11111111111	orig=43F
1868	3	11	8	0	0	6.66666666667	orig=44F
1868	3	12	8	0	0	6.66666666667	orig=44F
1868	3	13	8	0	0	9.44444444444	orig=49F
1868	3	14	8	0	0	7.77777777778	orig=46F
1868	3	15	8	0	0	7.77777777778	orig=46F
1868	3	16	8	0	0	8.88888888889	orig=48F
1868	3	17	8	0	0	5.55555555556	orig=42F
1868	3	18	8	0	0	6.11111111111	orig=43F
1868	3	19	8	0	0	5.55555555556	orig=42F
1868	3	20	8	0	0	8.33333333333	orig=47F
1868	3	21	8	0	0	8.88888888889	orig=48F
1868	3	22	8	0	0	8.33333333333	orig=47F
1868	3	23	8	0	0	4.44444444444	orig=40F
1868	3	24	8	0	0	2.77777777778	orig=37F
1868	3	25	8	0	0	4.44444444444	orig=40F
1868	3	26	8	0	0	8.88888888889	orig=48F
1868	3	27	8	0	0	8.88888888889	orig=48F
1868	3	28	8	0	0	7.77777777778	orig=46F
1868	3	29	8	0	0	8.33333333333	orig=47F
1868	3	30	8	0	0	8.88888888889	orig=48F
1868	3	31	8	0	0	10	orig=50F
1868	4	1	8	0	0	10	orig=50F
1868	4	2	8	0	0	8.88888888889	orig=48F
1868	4	3	8	0	0	8.88888888889	orig=48F
1868	4	4	8	0	0	8.88888888889	orig=48F
1868	4	5	8	0	0	10	orig=50F
1868	4	6	8	0	0	8.88888888889	orig=48F
1868	4	7	8	0	0	7.22222222222	orig=45F
1868	4	8	8	0	0	4.44444444444	orig=40F
1868	4	9	8	0	0	3.88888888889	orig=39F
1868	4	10	8	0	0	3.88888888889	orig=39F
1868	4	11	8	0	0	7.22222222222	orig=45F
1868	4	12	8	0	0	8.88888888889	orig=48F
1868	4	13	8	0	0	8.33333333333	orig=47F
1868	4	14	8	0	0	8.33333333333	orig=47F
1868	4	15	8	0	0	10	orig=50F
1868	4	16	8	0	0	10.5555555556	orig=51F
1868	4	17	8	0	0	9.44444444444	orig=49F
1868	4	18	8	0	0	10	orig=50F
1868	4	19	8	0	0	8.88888888889	orig=48F
1868	4	20	8	0	0	9.44444444444	orig=49F
1868	4	21	8	0	0	9.44444444444	orig=49F
1868	4	22	8	0	0	9.44444444444	orig=49F
1868	4	23	8	0	0	9.44444444444	orig=49F
1868	4	24	8	0	0	8.88888888889	orig=48F
1868	4	25	8	0	0	8.33333333333	orig=47F
1868	4	26	8	0	0	10.5555555556	orig=51F
1868	4	27	8	0	0	9.44444444444	orig=49F
1868	4	28	8	0	0	8.33333333333	orig=47F
1868	4	29	8	0	0	8.33333333333	orig=47F
1868	4	30	8	0	0	10	orig=50F
1868	5	1	8	0	0	10	orig=50F
1868	5	2	8	0	0	10.5555555556	orig=51F
1868	5	3	8	0	0	10.5555555556	orig=51F
1868	5	4	8	0	0	8.88888888889	orig=48F
1868	5	5	8	0	0	8.88888888889	orig=48F
1868	5	6	8	0	0	8.88888888889	orig=48F
1868	5	7	8	0	0	10	orig=50F
1868	5	8	8	0	0	12.2222222222	orig=54F
1868	5	9	8	0	0	11.6666666667	orig=53F
1868	5	10	8	0	0	13.8888888889	orig=57F
1868	5	11	8	0	0	14.4444444444	orig=58F
1868	5	12	8	0	0	12.2222222222	orig=54F
1868	5	13	8	0	0	11.1111111111	orig=52F
1868	5	14	8	0	0	11.1111111111	orig=52F
1868	5	15	8	0	0	9.44444444444	orig=49F
1868	5	16	8	0	0	10.5555555556	orig=51F
1868	5	17	8	0	0	13.3333333333	orig=56F
1868	5	18	8	0	0	13.8888888889	orig=57F
1868	5	19	8	0	0	13.3333333333	orig=56F
1868	5	20	8	0	0	11.1111111111	orig=52F
1868	5	21	8	0	0	12.2222222222	orig=54F
1868	5	22	8	0	0	11.1111111111	orig=52F
1868	5	23	8	0	0	12.7777777778	orig=55F
1868	5	24	8	0	0	12.7777777778	orig=55F
1868	5	25	8	0	0	13.3333333333	orig=56F
1868	5	26	8	0	0	12.7777777778	orig=55F
1868	5	27	8	0	0	11.6666666667	orig=53F
1868	5	28	8	0	0	12.2222222222	orig=54F
1868	5	29	8	0	0	13.8888888889	orig=57F
1868	5	30	8	0	0	12.7777777778	orig=55F
1868	5	31	8	0	0	13.3333333333	orig=56F
1868	6	1	8	0	0	13.8888888889	orig=57F
1868	6	2	8	0	0	11.6666666667	orig=53F
1868	6	3	8	0	0	12.2222222222	orig=54F
1868	6	4	8	0	0	12.2222222222	orig=54F
1868	6	5	8	0	0	12.7777777778	orig=55F
1868	6	6	8	0	0	13.3333333333	orig=56F
1868	6	7	8	0	0	12.2222222222	orig=54F
1868	6	8	8	0	0	10.5555555556	orig=51F
1868	6	9	8	0	0	11.6666666667	orig=53F
1868	6	10	8	0	0	12.2222222222	orig=54F
1868	6	11	8	0	0	13.3333333333	orig=56F
1868	6	12	8	0	0	13.3333333333	orig=56F
1868	6	13	8	0	0	13.8888888889	orig=57F
1868	6	14	8	0	0	14.4444444444	orig=58F
1868	6	15	8	0	0	13.3333333333	orig=56F
1868	6	16	8	0	0	13.3333333333	orig=56F
1868	6	17	8	0	0	12.7777777778	orig=55F
1868	6	18	8	0	0	16.6666666667	orig=62F
1868	6	19	8	0	0	18.8888888889	orig=66F
1868	6	20	8	0	0	17.7777777778	orig=64F
1868	6	21	8	0	0	21.6666666667	orig=71F|qc=climatic_outliers
1868	6	22	8	0	0	12.7777777778	orig=55F
1868	6	23	8	0	0	13.3333333333	orig=56F
1868	6	24	8	0	0	13.3333333333	orig=56F
1868	6	25	8	0	0	12.7777777778	orig=55F
1868	6	26	8	0	0	12.2222222222	orig=54F
1868	6	27	8	0	0	15.5555555556	orig=60F
1868	6	28	8	0	0	12.2222222222	orig=54F
1868	6	29	8	0	0	14.4444444444	orig=58F
1868	6	30	8	0	0	15	orig=59F
1868	7	1	8	0	0	18.3333333333	orig=65F
1868	7	2	8	0	0	18.8888888889	orig=66F
1868	7	3	8	0	0	15.5555555556	orig=60F
1868	7	4	8	0	0	13.8888888889	orig=57F
1868	7	5	8	0	0	20.5555555556	orig=69F
1868	7	6	8	0	0	20	orig=68F
1868	7	7	8	0	0	16.1111111111	orig=61F
1868	7	8	8	0	0	15.5555555556	orig=60F
1868	7	9	8	0	0	15.5555555556	orig=60F
1868	7	10	8	0	0	17.7777777778	orig=64F
1868	7	12	8	0	0	22.2222222222	orig=72F
1868	7	13	8	0	0	18.3333333333	orig=65F
1868	7	14	8	0	0	17.2222222222	orig=63F
1868	7	15	8	0	0	21.6666666667	orig=71F
1868	7	16	8	0	0	19.4444444444	orig=67F
1868	7	17	8	0	0	15	orig=59F
1868	7	18	8	0	0	15.5555555556	orig=60F
1868	7	19	8	0	0	15	orig=59F
1868	7	20	8	0	0	15	orig=59F
1868	7	21	8	0	0	16.6666666667	orig=62F
1868	7	22	8	0	0	16.1111111111	orig=61F
1868	7	23	8	0	0	13.8888888889	orig=57F
1868	7	24	8	0	0	13.8888888889	orig=57F
1868	7	25	8	0	0	16.1111111111	orig=61F
1868	7	26	8	0	0	20.5555555556	orig=69F
1868	7	27	8	0	0	16.6666666667	orig=62F
1868	7	28	8	0	0	21.1111111111	orig=70F
1868	7	29	8	0	0	16.6666666667	orig=62F
1868	7	30	8	0	0	15	orig=59F
1868	7	31	8	0	0	14.4444444444	orig=58F
1868	8	1	8	0	0	16.1111111111	orig=61F
1868	8	2	8	0	0	21.6666666667	orig=71F|qc=climatic_outliers
1868	8	3	8	0	0	20	orig=68F
1868	8	4	8	0	0	22.2222222222	orig=72F|qc=climatic_outliers
1868	8	5	8	0	0	20	orig=68F
1868	8	6	8	0	0	17.2222222222	orig=63F
1868	8	7	8	0	0	16.6666666667	orig=62F
1868	8	8	8	0	0	14.4444444444	orig=58F
1868	8	9	8	0	0	15	orig=59F
1868	8	10	8	0	0	15	orig=59F
1868	8	11	8	0	0	13.8888888889	orig=57F
1868	8	12	8	0	0	14.4444444444	orig=58F
1868	8	18	8	0	0	13.8888888889	orig=57F
1868	8	19	8	0	0	15	orig=59F
1868	8	20	8	0	0	13.8888888889	orig=57F
1868	8	21	8	0	0	13.8888888889	orig=57F
1868	8	22	8	0	0	12.7777777778	orig=55F
1868	8	23	8	0	0	13.3333333333	orig=56F
1868	8	24	8	0	0	12.2222222222	orig=54F
1868	8	25	8	0	0	11.6666666667	orig=53F
1868	8	26	8	0	0	13.8888888889	orig=57F
1868	8	27	8	0	0	15	orig=59F
1868	8	28	8	0	0	12.7777777778	orig=55F
1868	8	29	8	0	0	13.3333333333	orig=56F
1868	8	30	8	0	0	15.5555555556	orig=60F
1868	8	31	8	0	0	13.8888888889	orig=57F
1868	9	1	8	0	0	12.2222222222	orig=54F
1868	9	2	8	0	0	15	orig=59F
1868	9	3	8	0	0	15.5555555556	orig=60F
1868	9	4	8	0	0	12.2222222222	orig=54F
1868	9	5	8	0	0	16.1111111111	orig=61F
1868	9	6	8	0	0	20	orig=68F
1868	9	7	8	0	0	16.1111111111	orig=61F
1868	9	8	8	0	0	11.6666666667	orig=53F
1868	9	9	8	0	0	10.5555555556	orig=51F
1868	9	10	8	0	0	15	orig=59F
1868	9	11	8	0	0	13.3333333333	orig=56F
1868	9	12	8	0	0	11.1111111111	orig=52F
1868	9	13	8	0	0	13.3333333333	orig=56F
1868	9	14	8	0	0	7.77777777778	orig=46F
1868	9	15	8	0	0	9.44444444444	orig=49F
1868	9	16	8	0	0	9.44444444444	orig=49F
1868	9	17	8	0	0	10	orig=50F
1868	9	18	8	0	0	12.2222222222	orig=54F
1868	9	19	8	0	0	12.7777777778	orig=55F
1868	9	20	8	0	0	15	orig=59F
1868	9	21	8	0	0	15	orig=59F
1868	9	22	8	0	0	12.2222222222	orig=54F
1868	9	23	8	0	0	12.2222222222	orig=54F
1868	9	24	8	0	0	13.3333333333	orig=56F
1868	9	25	8	0	0	11.1111111111	orig=52F
1868	9	26	8	0	0	8.88888888889	orig=48F
1868	9	27	8	0	0	13.3333333333	orig=56F
1868	9	28	8	0	0	12.7777777778	orig=55F
1868	9	29	8	0	0	12.7777777778	orig=55F
1868	9	30	8	0	0	12.2222222222	orig=54F
1868	10	1	8	0	0	6.66666666667	orig=44F
1868	10	2	8	0	0	7.77777777778	orig=46F
1868	10	3	8	0	0	8.88888888889	orig=48F
1868	10	4	8	0	0	7.22222222222	orig=45F
1868	10	5	8	0	0	7.22222222222	orig=45F
1868	10	6	8	0	0	13.3333333333	orig=56F
1868	10	7	8	0	0	10	orig=50F
1868	10	8	8	0	0	10	orig=50F
1868	10	9	8	0	0	13.3333333333	orig=56F
1868	10	10	8	0	0	6.11111111111	orig=43F
1868	10	11	8	0	0	13.3333333333	orig=56F
1868	10	12	8	0	0	12.7777777778	orig=55F
1868	10	13	8	0	0	11.1111111111	orig=52F
1868	10	14	8	0	0	5.55555555556	orig=42F
1868	10	15	8	0	0	13.3333333333	orig=56F
1868	10	16	8	0	0	9.44444444444	orig=49F
1868	10	17	8	0	0	6.11111111111	orig=43F
1868	10	18	8	0	0	6.66666666667	orig=44F
1868	10	19	8	0	0	7.77777777778	orig=46F
1868	10	20	8	0	0	2.77777777778	orig=37F
1868	10	21	8	0	0	7.77777777778	orig=46F
1868	10	22	8	0	0	7.22222222222	orig=45F
1868	10	23	8	0	0	8.88888888889	orig=48F
1868	10	24	8	0	0	6.11111111111	orig=43F
1868	10	25	8	0	0	8.33333333333	orig=47F
1868	10	26	8	0	0	9.44444444444	orig=49F
1868	10	27	8	0	0	8.33333333333	orig=47F
1868	10	28	8	0	0	9.44444444444	orig=49F
1868	10	29	8	0	0	7.77777777778	orig=46F
1868	10	30	8	0	0	10	orig=50F
1868	10	31	8	0	0	11.6666666667	orig=53F
1868	11	1	8	0	0	13.3333333333	orig=56F
1868	11	2	8	0	0	8.88888888889	orig=48F
1868	11	3	8	0	0	9.44444444444	orig=49F
1868	11	4	8	0	0	6.11111111111	orig=43F
1868	11	5	8	0	0	3.33333333333	orig=38F
1868	11	6	8	0	0	1.66666666667	orig=35F
1868	11	7	8	0	0	0	orig=32F
1868	11	8	8	0	0	1.11111111111	orig=34F
1868	11	9	8	0	0	-1.66666666667	orig=29F
1868	11	10	8	0	0	-1.11111111111	orig=30F
1868	11	11	8	0	0	3.88888888889	orig=39F
1868	11	12	8	0	0	3.33333333333	orig=38F
1868	11	13	8	0	0	1.66666666667	orig=35F
1868	11	14	8	0	0	5	orig=41F
1868	11	15	8	0	0	2.77777777778	orig=37F
1868	11	16	8	0	0	-0.555555555556	orig=?31F
1868	11	17	8	0	0	2.77777777778	orig=37F
1868	11	18	8	0	0	5	orig=41F
1868	11	19	8	0	0	2.77777777778	orig=37F
1868	11	20	8	0	0	2.77777777778	orig=37F
1868	11	21	8	0	0	3.33333333333	orig=38F
1868	11	22	8	0	0	10	orig=50F
1868	11	23	8	0	0	6.66666666667	orig=44F
1868	11	24	8	0	0	1.66666666667	orig=35F
1868	11	25	8	0	0	4.44444444444	orig=40F
1868	11	26	8	0	0	5.55555555556	orig=42F
1868	11	27	8	0	0	2.22222222222	orig=36F
1868	11	28	8	0	0	3.88888888889	orig=39F
1868	11	29	8	0	0	5.55555555556	orig=42F
1868	11	30	8	0	0	5.55555555556	orig=42F
1868	12	1	8	0	0	8.33333333333	orig=47F
1868	12	2	8	0	0	5	orig=41F
1868	12	3	8	0	0	8.33333333333	orig=47F
1868	12	4	8	0	0	11.6666666667	orig=53F
1868	12	5	8	0	0	10.5555555556	orig=51F
1868	12	6	8	0	0	10.5555555556	orig=51F
1868	12	7	8	0	0	10	orig=50F
1868	12	8	8	0	0	7.22222222222	orig=45F
1868	12	9	8	0	0	2.77777777778	orig=37F
1868	12	10	8	0	0	10.5555555556	orig=51F
1868	12	11	8	0	0	9.44444444444	orig=49F
1868	12	12	8	0	0	-1.11111111111	orig=30F
1868	12	13	8	0	0	2.77777777778	orig=37F
1868	12	14	8	0	0	8.33333333333	orig=47F
1868	12	15	8	0	0	10	orig=50F
1868	12	16	8	0	0	6.11111111111	orig=43F
1868	12	17	8	0	0	8.88888888889	orig=48F
1868	12	18	8	0	0	10	orig=50F
1868	12	19	8	0	0	6.11111111111	orig=43F
1868	12	20	8	0	0	1.11111111111	orig=34F
1868	12	21	8	0	0	6.11111111111	orig=43F
1868	12	22	8	0	0	8.33333333333	orig=47F
1868	12	23	8	0	0	7.22222222222	orig=45F
1868	12	24	8	0	0	5	orig=41F
1868	12	25	8	0	0	7.22222222222	orig=45F
1868	12	26	8	0	0	6.11111111111	orig=43F
1868	12	27	8	0	0	8.33333333333	orig=47F
1868	12	29	8	0	0	5	orig=41F
1868	12	30	8	0	0	4.44444444444	orig=40F
1868	12	31	8	0	0	2.77777777778	orig=37F
1869	1	1	8	0	0	2.77777777778	orig=37F
1869	1	2	8	0	0	6.66666666667	orig=44F
1869	1	3	8	0	0	6.66666666667	orig=44F
1869	1	4	8	0	0	6.11111111111	orig=43F
1869	1	5	8	0	0	10	orig=50F
1869	1	6	8	0	0	6.66666666667	orig=44F
1869	1	7	8	0	0	7.22222222222	orig=45F
1869	1	8	8	0	0	9.44444444444	orig=49F
1869	1	9	8	0	0	9.44444444444	orig=49F
1869	1	10	8	0	0	7.77777777778	orig=46F
1869	1	11	8	0	0	6.11111111111	orig=43F
1869	1	12	8	0	0	8.33333333333	orig=47F
1869	1	13	8	0	0	7.77777777778	orig=46F
1869	1	14	8	0	0	5	orig=41F
1869	1	15	8	0	0	4.44444444444	orig=40F
1869	1	16	8	0	0	7.22222222222	orig=45F
1869	1	17	8	0	0	7.77777777778	orig=46F
1869	1	18	8	0	0	4.44444444444	orig=40F
1869	1	19	8	0	0	8.88888888889	orig=48F
1869	1	20	8	0	0	9.44444444444	orig=49F
1869	1	21	8	0	0	6.66666666667	orig=44F
1869	1	22	8	0	0	0	orig=32F
1869	1	23	8	0	0	2.77777777778	orig=37F
1869	1	24	8	0	0	0.555555555556	orig=33F
1869	1	25	8	0	0	7.22222222222	orig=45F
1869	1	26	8	0	0	1.11111111111	orig=34F
1869	1	27	8	0	0	2.77777777778	orig=37F
1869	1	28	8	0	0	7.22222222222	orig=45F
1869	1	29	8	0	0	7.77777777778	orig=46F
1869	1	30	8	0	0	7.77777777778	orig=46F
1869	1	31	8	0	0	10	orig=50F
1869	2	1	8	0	0	7.77777777778	orig=46F
1869	2	2	8	0	0	2.22222222222	orig=36F
1869	2	3	8	0	0	4.44444444444	orig=40F
1869	2	4	8	0	0	10	orig=50F
1869	2	5	8	0	0	11.1111111111	orig=52F
1869	2	6	8	0	0	8.88888888889	orig=48F
1869	2	7	8	0	0	8.33333333333	orig=47F
1869	2	8	8	0	0	7.77777777778	orig=46F
1869	2	9	8	0	0	8.33333333333	orig=47F
1869	2	10	8	0	0	6.66666666667	orig=44F
1869	2	11	8	0	0	7.77777777778	orig=46F
1869	2	12	8	0	0	5.55555555556	orig=42F
1869	2	13	8	0	0	7.77777777778	orig=46F
1869	2	14	8	0	0	9.44444444444	orig=49F
1869	2	15	8	0	0	8.33333333333	orig=47F
1869	2	16	8	0	0	9.44444444444	orig=49F
1869	2	17	8	0	0	7.22222222222	orig=45F
1869	2	18	8	0	0	7.22222222222	orig=45F
1869	2	19	8	0	0	1.66666666667	orig=35F
1869	2	20	8	0	0	7.77777777778	orig=46F
1869	2	21	8	0	0	7.77777777778	orig=46F
1869	2	22	8	0	0	5.55555555556	orig=42F
1869	2	23	8	0	0	1.66666666667	orig=35F
1869	2	24	8	0	0	8.33333333333	orig=47F
1869	2	25	8	0	0	5	orig=41F
1869	2	26	8	0	0	5.55555555556	orig=42F
1869	2	27	8	0	0	3.33333333333	orig=38F
1869	2	28	8	0	0	1.66666666667	orig=35F
1869	3	1	8	0	0	2.22222222222	orig=36F
1869	3	2	8	0	0	3.88888888889	orig=39F
1869	3	3	8	0	0	1.66666666667	orig=35F
1869	3	4	8	0	0	2.77777777778	orig=37F
1869	3	5	8	0	0	7.77777777778	orig=46F
1869	3	6	8	0	0	3.88888888889	orig=39F
1869	3	7	8	0	0	6.11111111111	orig=43F
1869	3	8	8	0	0	6.11111111111	orig=43F
1869	3	9	8	0	0	3.33333333333	orig=38F
1869	3	10	8	0	0	2.77777777778	orig=37F
1869	3	11	8	0	0	1.66666666667	orig=35F
1869	3	12	8	0	0	0	orig=32F
1869	3	13	8	0	0	0.555555555556	orig=33F
1869	3	14	8	0	0	3.33333333333	orig=38F
1869	3	15	8	0	0	2.77777777778	orig=37F
1869	3	16	8	0	0	3.33333333333	orig=38F
1869	3	17	8	0	0	2.22222222222	orig=36F
1869	3	18	8	0	0	6.11111111111	orig=43F
1869	3	19	8	0	0	5.55555555556	orig=42F
1869	3	20	8	0	0	4.44444444444	orig=40F
1869	3	21	8	0	0	6.66666666667	orig=44F
1869	3	22	8	0	0	5	orig=41F
1869	3	23	8	0	0	4.44444444444	orig=40F
1869	3	24	8	0	0	7.22222222222	orig=45F
1869	3	25	8	0	0	5.55555555556	orig=42F
1869	3	26	8	0	0	6.11111111111	orig=43F
1869	3	27	8	0	0	3.33333333333	orig=38F
1869	3	28	8	0	0	7.77777777778	orig=46F
1869	3	29	8	0	0	5	orig=41F
1869	3	30	8	0	0	4.44444444444	orig=40F
1869	3	31	8	0	0	3.33333333333	orig=38F
1869	4	1	8	0	0	6.11111111111	orig=43F
1869	4	2	8	0	0	7.22222222222	orig=45F
1869	4	3	8	0	0	3.33333333333	orig=38F
1869	4	4	8	0	0	6.66666666667	orig=44F
1869	4	5	8	0	0	8.88888888889	orig=48F
1869	4	6	8	0	0	7.77777777778	orig=46F
1869	4	7	8	0	0	5	orig=41F
1869	4	8	8	0	0	6.11111111111	orig=43F
1869	4	9	8	0	0	3.88888888889	orig=39F
1869	4	10	8	0	0	7.77777777778	orig=46F
1869	4	11	8	0	0	12.7777777778	orig=55F
1869	4	12	8	0	0	11.1111111111	orig=52F
1869	4	13	8	0	0	10.5555555556	orig=51F
1869	4	14	8	0	0	12.7777777778	orig=55F
1869	4	15	8	0	0	11.1111111111	orig=52F
1869	4	16	8	0	0	10.5555555556	orig=51F
1869	4	17	8	0	0	8.88888888889	orig=48F
1869	4	18	8	0	0	8.88888888889	orig=48F
1869	4	19	8	0	0	8.33333333333	orig=47F
1869	4	20	8	0	0	9.44444444444	orig=49F
1869	4	21	8	0	0	9.44444444444	orig=49F
1869	4	22	8	0	0	9.44444444444	orig=49F
1869	4	23	8	0	0	9.44444444444	orig=49F
1869	4	24	8	0	0	9.44444444444	orig=49F
1869	4	25	8	0	0	10.5555555556	orig=51F
1869	4	26	8	0	0	13.8888888889	orig=57F
1869	4	27	8	0	0	14.4444444444	orig=58F
1869	4	28	8	0	0	10	orig=50F
1869	4	29	8	0	0	7.22222222222	orig=45F
1869	4	30	8	0	0	10	orig=50F
1869	5	1	8	0	0	9.44444444444	orig=49F
1869	5	2	8	0	0	10	orig=50F
1869	5	3	8	0	0	7.77777777778	orig=46F
1869	5	4	8	0	0	7.77777777778	orig=46F
1869	5	5	8	0	0	7.22222222222	orig=45F
1869	5	6	8	0	0	6.11111111111	orig=43F
1869	5	7	8	0	0	5.55555555556	orig=42F
1869	5	8	8	0	0	7.22222222222	orig=45F
1869	5	9	8	0	0	10	orig=50F
1869	5	10	8	0	0	7.22222222222	orig=45F
1869	5	11	8	0	0	8.88888888889	orig=48F
1869	5	12	8	0	0	8.88888888889	orig=48F
1869	5	13	8	0	0	8.88888888889	orig=48F
1869	5	14	8	0	0	11.6666666667	orig=53F
1869	5	15	8	0	0	11.6666666667	orig=53F
1869	5	16	8	0	0	10	orig=50F
1869	5	17	8	0	0	10.5555555556	orig=51F
1869	5	18	8	0	0	10.5555555556	orig=51F
1869	5	19	8	0	0	11.1111111111	orig=52F
1869	5	20	8	0	0	8.33333333333	orig=47F
1869	5	21	8	0	0	10	orig=50F
1869	5	22	8	0	0	10	orig=50F
1869	5	23	8	0	0	9.44444444444	orig=49F
1869	5	24	8	0	0	10.5555555556	orig=51F
1869	5	25	8	0	0	8.33333333333	orig=47F
1869	5	26	8	0	0	9.44444444444	orig=49F
1869	5	27	8	0	0	5.55555555556	orig=42F
1869	5	28	8	0	0	9.44444444444	orig=49F
1869	5	29	8	0	0	7.77777777778	orig=46F
1869	5	30	8	0	0	10.5555555556	orig=51F
1869	5	31	8	0	0	8.88888888889	orig=48F
1869	6	1	8	0	0	10	orig=50F
1869	6	2	8	0	0	11.6666666667	orig=53F
1869	6	3	8	0	0	11.6666666667	orig=53F
1869	6	4	8	0	0	10.5555555556	orig=51F
1869	6	5	8	0	0	11.6666666667	orig=53F
1869	6	6	8	0	0	12.7777777778	orig=55F
1869	6	7	8	0	0	12.7777777778	orig=55F
1869	6	8	8	0	0	10.5555555556	orig=51F
1869	6	9	8	0	0	11.1111111111	orig=52F
1869	6	10	8	0	0	10.5555555556	orig=51F
1869	6	11	8	0	0	10.5555555556	orig=51F
1869	6	12	8	0	0	11.6666666667	orig=53F
1869	6	13	8	0	0	10	orig=50F
1869	6	14	8	0	0	9.44444444444	orig=49F
1869	6	15	8	0	0	6.66666666667	orig=44F
1869	6	16	8	0	0	9.44444444444	orig=49F
1869	6	17	8	0	0	10	orig=50F
1869	6	18	8	0	0	11.6666666667	orig=53F
1869	6	19	8	0	0	11.6666666667	orig=53F
1869	6	20	8	0	0	12.7777777778	orig=55F
1869	6	21	8	0	0	13.3333333333	orig=56F
1869	6	22	8	0	0	12.2222222222	orig=54F
1869	6	23	8	0	0	12.7777777778	orig=55F
1869	6	24	8	0	0	13.8888888889	orig=57F
1869	6	25	8	0	0	14.4444444444	orig=58F
1869	6	26	8	0	0	17.7777777778	orig=64F
1869	6	27	8	0	0	15	orig=59F
1869	6	28	8	0	0	14.4444444444	orig=58F
1869	6	29	8	0	0	13.8888888889	orig=57F
1869	6	30	8	0	0	16.1111111111	orig=61F
1869	7	1	8	0	0	14.4444444444	orig=58F
1869	7	2	8	0	0	15	orig=59F
1869	7	3	8	0	0	16.6666666667	orig=62F
1869	7	4	8	0	0	20	orig=68F
1869	7	5	8	0	0	15	orig=59F
1869	7	6	8	0	0	15	orig=59F
1869	7	7	8	0	0	15	orig=59F
1869	7	8	8	0	0	15	orig=59F
1869	7	9	8	0	0	13.8888888889	orig=57F
1869	7	10	8	0	0	13.8888888889	orig=57F
1869	7	11	8	0	0	17.7777777778	orig=64F
1869	7	12	8	0	0	14.4444444444	orig=58F
1869	7	13	8	0	0	12.7777777778	orig=55F
1869	7	15	8	0	0	15	orig=59F
1869	7	17	8	0	0	18.8888888889	orig=66F
1869	7	18	8	0	0	18.3333333333	orig=65F
1869	7	19	8	0	0	14.4444444444	orig=58F
1869	7	20	8	0	0	16.6666666667	orig=62F
1869	7	21	8	0	0	17.2222222222	orig=63F
1869	7	22	8	0	0	16.1111111111	orig=61F
1869	7	23	8	0	0	15	orig=59F
1869	7	24	8	0	0	15	orig=59F
1869	7	25	8	0	0	18.8888888889	orig=66F
1869	7	26	8	0	0	16.1111111111	orig=61F
1869	7	27	8	0	0	13.8888888889	orig=57F
1869	7	28	8	0	0	15.5555555556	orig=60F
1869	7	29	8	0	0	16.1111111111	orig=61F
1869	7	30	8	0	0	14.4444444444	orig=58F
1869	7	31	8	0	0	14.4444444444	orig=58F
1869	8	1	8	0	0	14.4444444444	orig=58F
1869	8	2	8	0	0	13.8888888889	orig=57F
1869	8	3	8	0	0	13.8888888889	orig=57F
1869	8	4	8	0	0	13.8888888889	orig=57F
1869	8	5	8	0	0	14.4444444444	orig=58F
1869	8	6	8	0	0	13.8888888889	orig=57F
1869	8	7	8	0	0	13.3333333333	orig=56F
1869	8	8	8	0	0	13.8888888889	orig=57F
1869	8	9	8	0	0	13.8888888889	orig=57F
1869	8	10	8	0	0	11.6666666667	orig=53F
1869	8	11	8	0	0	13.3333333333	orig=56F
1869	8	12	8	0	0	12.2222222222	orig=54F
1869	8	13	8	0	0	13.8888888889	orig=57F
1869	8	14	8	0	0	13.8888888889	orig=57F
1869	8	15	8	0	0	14.4444444444	orig=58F
1869	8	16	8	0	0	13.3333333333	orig=56F
1869	8	17	8	0	0	13.3333333333	orig=56F
1869	8	18	8	0	0	11.6666666667	orig=53F
1869	8	19	8	0	0	13.8888888889	orig=57F
1869	8	20	8	0	0	15.5555555556	orig=60F
1869	8	21	8	0	0	15.5555555556	orig=60F
1869	8	22	8	0	0	15	orig=59F
1869	8	23	8	0	0	15.5555555556	orig=60F
1869	8	24	8	0	0	16.1111111111	orig=61F
1869	8	25	8	0	0	15.5555555556	orig=60F
1869	8	26	8	0	0	15	orig=59F
1869	8	27	8	0	0	17.2222222222	orig=63F
1869	8	28	8	0	0	17.7777777778	orig=64F
1869	8	30	8	0	0	10	orig=50F
1869	8	31	8	0	0	12.7777777778	orig=55F
1869	9	1	8	0	0	12.7777777778	orig=55F
1869	9	2	8	0	0	13.8888888889	orig=57F
1869	9	3	8	0	0	10	orig=50F
1869	9	4	8	0	0	15	orig=59F
1869	9	5	8	0	0	16.1111111111	orig=61F
1869	9	6	8	0	0	13.8888888889	orig=57F
1869	9	8	8	0	0	15	orig=59F
1869	9	9	8	0	0	15.5555555556	orig=60F
1869	9	10	8	0	0	14.4444444444	orig=58F
1869	9	11	8	0	0	12.7777777778	orig=55F
1869	9	12	8	0	0	11.1111111111	orig=52F
1869	9	13	8	0	0	8.88888888889	orig=48F
1869	9	14	8	0	0	10.5555555556	orig=51F
1869	9	15	8	0	0	13.3333333333	orig=56F
1869	9	16	8	0	0	13.3333333333	orig=56F
1869	9	17	8	0	0	11.1111111111	orig=52F
1869	9	18	8	0	0	14.4444444444	orig=58F
1869	9	19	8	0	0	11.1111111111	orig=52F
1869	9	20	8	0	0	11.1111111111	orig=52F
1869	9	21	8	0	0	11.6666666667	orig=53F
1869	9	22	8	0	0	11.6666666667	orig=53F
1869	9	23	8	0	0	14.4444444444	orig=58F
1869	9	24	8	0	0	15.5555555556	orig=60F
1869	9	25	8	0	0	14.4444444444	orig=58F
1869	9	26	8	0	0	12.2222222222	orig=54F
1869	9	27	8	0	0	10.5555555556	orig=51F
1869	9	28	8	0	0	11.1111111111	orig=52F
1869	9	29	8	0	0	12.7777777778	orig=55F
1869	9	30	8	0	0	13.8888888889	orig=57F
1869	10	1	8	0	0	13.8888888889	orig=57F
1869	10	2	8	0	0	12.2222222222	orig=54F
1869	10	3	8	0	0	12.2222222222	orig=54F
1869	10	4	8	0	0	11.1111111111	orig=52F
1869	10	5	8	0	0	11.1111111111	orig=52F
1869	10	6	8	0	0	12.7777777778	orig=55F
1869	10	7	8	0	0	12.2222222222	orig=54F
1869	10	8	8	0	0	13.8888888889	orig=57F
1869	10	9	8	0	0	15	orig=59F
1869	10	10	8	0	0	16.1111111111	orig=61F
1869	10	11	8	0	0	15	orig=59F
1869	10	12	8	0	0	14.4444444444	orig=58F
1869	10	13	8	0	0	8.88888888889	orig=48F
1869	10	14	8	0	0	8.88888888889	orig=48F
1869	10	15	8	0	0	11.6666666667	orig=53F
1869	10	16	8	0	0	8.33333333333	orig=47F
1869	10	17	8	0	0	4.44444444444	orig=40F
1869	10	18	8	0	0	9.44444444444	orig=49F
1869	10	19	8	0	0	1.66666666667	orig=35F
1869	10	20	8	0	0	8.88888888889	orig=48F
1869	10	21	8	0	0	10	orig=50F
1869	10	22	8	0	0	11.1111111111	orig=52F
1869	10	23	8	0	0	12.7777777778	orig=55F
1869	10	24	8	0	0	10	orig=50F
1869	10	25	8	0	0	8.88888888889	orig=48F
1869	10	26	8	0	0	5	orig=41F
1869	10	27	8	0	0	1.11111111111	orig=34F
1869	10	28	8	0	0	2.22222222222	orig=36F
1869	10	29	8	0	0	1.66666666667	orig=35F
1869	10	30	8	0	0	10	orig=50F
1869	10	31	8	0	0	11.6666666667	orig=53F
1869	11	1	8	0	0	12.2222222222	orig=54F
1869	11	2	8	0	0	12.2222222222	orig=54F
1869	11	3	8	0	0	8.33333333333	orig=47F
1869	11	4	8	0	0	6.66666666667	orig=44F
1869	11	5	8	0	0	8.33333333333	orig=47F
1869	11	6	8	0	0	5	orig=41F
1869	11	7	8	0	0	2.22222222222	orig=36F
1869	11	8	8	0	0	7.77777777778	orig=46F
1869	11	9	8	0	0	2.22222222222	orig=36F
1869	11	10	8	0	0	2.77777777778	orig=37F
1869	11	12	8	0	0	7.77777777778	orig=46F
1869	11	13	8	0	0	9.44444444444	orig=49F
1869	11	14	8	0	0	9.44444444444	orig=49F
1869	11	15	8	0	0	10	orig=50F
1869	11	16	8	0	0	10.5555555556	orig=51F
1869	11	17	8	0	0	9.44444444444	orig=49F
1869	11	18	8	0	0	11.1111111111	orig=52F
1869	11	19	8	0	0	10.5555555556	orig=51F
1869	11	20	8	0	0	4.44444444444	orig=40F
1869	11	21	8	0	0	8.33333333333	orig=47F
1869	11	22	8	0	0	5	orig=41F
1869	11	23	8	0	0	0	orig=32F
1869	11	24	8	0	0	-2.22222222222	orig=28F
1869	11	25	8	0	0	6.66666666667	orig=44F
1869	11	26	8	0	0	7.22222222222	orig=45F
1869	11	27	8	0	0	6.66666666667	orig=44F
1869	11	28	8	0	0	6.11111111111	orig=43F
1869	11	29	8	0	0	1.11111111111	orig=34F
1869	11	30	8	0	0	0.555555555556	orig=33F
1869	12	1	8	0	0	0.555555555556	orig=33F
1869	12	2	8	0	0	-1.11111111111	orig=30F
1869	12	3	8	0	0	-0.555555555556	orig=31F
1869	12	4	8	0	0	1.11111111111	orig=34F
1869	12	5	8	0	0	0	orig=32F
1869	12	6	8	0	0	-0.555555555556	orig=31F
1869	12	7	8	0	0	1.66666666667	orig=35F
1869	12	8	8	0	0	3.88888888889	orig=39F
1869	12	9	8	0	0	3.33333333333	orig=38F
1869	12	10	8	0	0	7.77777777778	orig=46F
1869	12	11	8	0	0	4.44444444444	orig=40F
1869	12	12	8	0	0	6.11111111111	orig=43F
1869	12	13	8	0	0	10	orig=50F
1869	12	14	8	0	0	6.66666666667	orig=44F
1869	12	15	8	0	0	6.11111111111	orig=43F
1869	12	16	8	0	0	6.66666666667	orig=44F
1869	12	17	8	0	0	5.55555555556	orig=42F
1869	12	18	8	0	0	7.77777777778	orig=46F
1869	12	19	8	0	0	6.11111111111	orig=43F
1869	12	20	8	0	0	5.55555555556	orig=42F
1869	12	21	8	0	0	-0.555555555556	orig=31F
1869	12	22	8	0	0	2.22222222222	orig=36F
1869	12	23	8	0	0	3.33333333333	orig=38F
1869	12	24	8	0	0	2.22222222222	orig=36F
1869	12	26	8	0	0	-1.11111111111	orig=30F
1869	12	27	8	0	0	-2.22222222222	orig=28F
1869	12	28	8	0	0	-6.11111111111	orig=21F
1869	12	29	8	0	0	6.11111111111	orig=43F
1869	12	30	8	0	0	7.22222222222	orig=45F
1869	12	31	8	0	0	7.77777777778	orig=46F
1870	1	1	8	0	0	4.44444444444	orig=40F
1870	1	2	8	0	0	5	orig=41F
1870	1	3	8	0	0	6.66666666667	orig=44F
1870	1	4	8	0	0	6.66666666667	orig=44F
1870	1	5	8	0	0	5.55555555556	orig=42F
1870	1	6	8	0	0	6.11111111111	orig=43F
1870	1	7	8	0	0	7.77777777778	orig=46F
1870	1	8	8	0	0	6.11111111111	orig=43F
1870	1	9	8	0	0	5	orig=41F
1870	1	10	8	0	0	1.66666666667	orig=35F
1870	1	11	8	0	0	3.88888888889	orig=39F
1870	1	12	8	0	0	3.88888888889	orig=39F
1870	1	13	8	0	0	1.66666666667	orig=35F
1870	1	14	8	0	0	4.44444444444	orig=40F
1870	1	15	8	0	0	3.33333333333	orig=38F
1870	1	16	8	0	0	4.44444444444	orig=40F
1870	1	17	8	0	0	6.11111111111	orig=43F
1870	1	18	8	0	0	7.22222222222	orig=45F
1870	1	19	8	0	0	3.88888888889	orig=39F
1870	1	20	8	0	0	1.11111111111	orig=34F
1870	1	21	8	0	0	0.555555555556	orig=33F
1870	1	22	8	0	0	0.555555555556	orig=33F
1870	1	23	8	0	0	1.11111111111	orig=34F
1870	1	24	8	0	0	0.555555555556	orig=33F
1870	1	25	8	0	0	-3.33333333333	orig=26F
1870	1	26	8	0	0	3.33333333333	orig=38F
1870	1	27	8	0	0	3.88888888889	orig=39F
1870	1	28	8	0	0	5	orig=41F
1870	1	29	8	0	0	3.88888888889	orig=39F
1870	1	30	8	0	0	3.33333333333	orig=38F
1870	1	31	8	0	0	6.11111111111	orig=43F
1870	2	1	8	0	0	6.11111111111	orig=43F
1870	2	2	8	0	0	7.22222222222	orig=45F
1870	2	3	8	0	0	5	orig=41F
1870	2	4	8	0	0	6.11111111111	orig=43F
1870	2	5	8	0	0	6.66666666667	orig=44F
1870	2	6	8	0	0	5	orig=41F
1870	2	7	8	0	0	5.55555555556	orig=42F
1870	2	8	8	0	0	3.88888888889	orig=39F
1870	2	10	8	0	0	-1.66666666667	orig=29F
1870	2	11	8	0	0	-0.555555555556	orig=31F
1870	2	12	8	0	0	1.11111111111	orig=34F
1870	2	13	8	0	0	-2.22222222222	orig=28F
1870	2	14	8	0	0	0	orig=32F
1870	2	15	8	0	0	0.555555555556	orig=33F
1870	2	17	8	0	0	1.66666666667	orig=35F
1870	2	19	8	0	0	1.11111111111	orig=34F
1870	2	20	8	0	0	6.66666666667	orig=44F
1870	2	21	8	0	0	2.77777777778	orig=37F
1870	2	22	8	0	0	1.11111111111	orig=34F
1870	2	24	8	0	0	2.22222222222	orig=36F
1870	2	25	8	0	0	3.88888888889	orig=39F
1870	2	27	8	0	0	2.77777777778	orig=37F
1870	2	28	8	0	0	7.77777777778	orig=46F
1870	3	1	8	0	0	6.66666666667	orig=44F
1870	3	2	8	0	0	2.77777777778	orig=37F
1870	3	3	8	0	0	2.77777777778	orig=37F
1870	3	4	8	0	0	2.22222222222	orig=36F
1870	3	5	8	0	0	1.66666666667	orig=35F
1870	3	6	8	0	0	0.555555555556	orig=33F
1870	3	7	8	0	0	1.11111111111	orig=34F
1870	3	8	8	0	0	1.11111111111	orig=34F
1870	3	9	8	0	0	5	orig=41F
1870	3	10	8	0	0	5.55555555556	orig=42F
1870	3	11	8	0	0	3.88888888889	orig=39F
1870	3	12	8	0	0	0	orig=32F
1870	3	13	8	0	0	0.555555555556	orig=33F
1870	3	14	8	0	0	0	orig=32F
1870	3	15	8	0	0	6.11111111111	orig=43F
1870	3	16	8	0	0	6.66666666667	orig=44F
1870	3	17	8	0	0	8.33333333333	orig=47F
1870	3	18	8	0	0	8.33333333333	orig=47F
1870	3	19	8	0	0	7.22222222222	orig=45F
1870	3	20	8	0	0	8.88888888889	orig=48F
1870	3	21	8	0	0	5	orig=41F
1870	3	23	8	0	0	1.66666666667	orig=35F
1870	3	24	8	0	0	0.555555555556	orig=33F
1870	3	25	8	0	0	1.66666666667	orig=35F
1870	3	26	8	0	0	2.22222222222	orig=36F
1870	3	27	8	0	0	1.11111111111	orig=34F
1870	3	28	8	0	0	5.55555555556	orig=42F
1870	3	29	8	0	0	7.77777777778	orig=46F
1870	3	30	8	0	0	6.11111111111	orig=43F
1870	3	31	8	0	0	7.22222222222	orig=45F
1870	4	1	8	0	0	7.22222222222	orig=45F
1870	4	2	8	0	0	6.11111111111	orig=43F
1870	4	3	8	0	0	4.44444444444	orig=40F
1870	4	4	8	0	0	6.11111111111	orig=43F
1870	4	5	8	0	0	7.77777777778	orig=46F
1870	4	6	8	0	0	6.66666666667	orig=44F
1870	4	7	8	0	0	6.66666666667	orig=44F
1870	4	8	8	0	0	6.66666666667	orig=44F
1870	4	9	8	0	0	5.55555555556	orig=42F
1870	4	10	8	0	0	6.66666666667	orig=44F
1870	4	11	8	0	0	8.33333333333	orig=47F
1870	4	12	8	0	0	8.33333333333	orig=47F
1870	4	13	8	0	0	10	orig=50F
1870	4	14	8	0	0	8.88888888889	orig=48F
1870	4	16	8	0	0	7.77777777778	orig=46F
1870	4	17	8	0	0	8.33333333333	orig=47F
1870	4	18	8	0	0	12.2222222222	orig=54F
1870	4	19	8	0	0	10.5555555556	orig=51F
1870	4	20	8	0	0	7.77777777778	orig=46F
1870	4	21	8	0	0	8.88888888889	orig=48F
1870	4	22	8	0	0	9.44444444444	orig=49F
1870	4	23	8	0	0	7.77777777778	orig=46F
1870	4	24	8	0	0	8.88888888889	orig=48F
1870	4	25	8	0	0	11.1111111111	orig=52F
1870	4	26	8	0	0	8.88888888889	orig=48F
1870	4	27	8	0	0	6.66666666667	orig=44F
1870	4	28	8	0	0	7.22222222222	orig=45F
1870	4	29	8	0	0	8.33333333333	orig=47F
1870	4	30	8	0	0	10	orig=50F
1870	5	1	8	0	0	7.77777777778	orig=46F
1870	5	2	8	0	0	6.11111111111	orig=43F
1870	5	3	8	0	0	7.22222222222	orig=45F
1870	5	4	8	0	0	6.66666666667	orig=44F
1870	5	5	8	0	0	8.88888888889	orig=48F
1870	5	6	8	0	0	9.44444444444	orig=49F
1870	5	7	8	0	0	8.88888888889	orig=48F
1870	5	8	8	0	0	10	orig=50F
1870	5	9	8	0	0	11.1111111111	orig=52F
1870	5	10	8	0	0	11.6666666667	orig=53F
1870	5	12	8	0	0	9.44444444444	orig=49F
1870	5	13	8	0	0	9.44444444444	orig=49F
1870	5	14	8	0	0	9.44444444444	orig=49F
1870	5	15	8	0	0	9.44444444444	orig=49F
1870	5	16	8	0	0	8.33333333333	orig=47F
1870	5	17	8	0	0	10	orig=50F
1870	5	18	8	0	0	11.1111111111	orig=52F
1870	5	19	8	0	0	9.44444444444	orig=49F
1870	5	20	8	0	0	11.1111111111	orig=52F
1870	5	21	8	0	0	10.5555555556	orig=51F
1870	5	22	8	0	0	10	orig=50F
1870	5	23	8	0	0	9.44444444444	orig=49F
1870	5	24	8	0	0	12.2222222222	orig=54F
1870	5	25	8	0	0	11.6666666667	orig=53F
1870	5	26	8	0	0	11.6666666667	orig=53F
1870	5	27	8	0	0	15	orig=59F
1870	5	28	8	0	0	12.2222222222	orig=54F
1870	5	29	8	0	0	15.5555555556	orig=60F
1870	5	30	8	0	0	12.7777777778	orig=55F
1870	6	1	8	0	0	11.1111111111	orig=52F
1870	6	2	8	0	0	12.2222222222	orig=54F
1870	6	3	8	0	0	11.1111111111	orig=52F
1870	6	4	8	0	0	13.8888888889	orig=57F
1870	6	5	8	0	0	13.3333333333	orig=56F
1870	6	6	8	0	0	16.1111111111	orig=61F
1870	6	7	8	0	0	17.2222222222	orig=63F
1870	6	8	8	0	0	14.4444444444	orig=58F
1870	6	9	8	0	0	11.6666666667	orig=53F
1870	6	10	8	0	0	10.5555555556	orig=51F
1870	6	11	8	0	0	16.1111111111	orig=61F
1870	6	12	8	0	0	10.5555555556	orig=51F
1870	6	14	8	0	0	13.3333333333	orig=56F
1870	6	15	8	0	0	12.7777777778	orig=55F
1870	6	16	8	0	0	13.3333333333	orig=56F
1870	6	17	8	0	0	13.3333333333	orig=56F
1870	6	18	8	0	0	12.2222222222	orig=54F
1870	6	19	8	0	0	13.3333333333	orig=56F
1870	6	20	8	0	0	13.8888888889	orig=57F
1870	6	21	8	0	0	15.5555555556	orig=60F
1870	6	23	8	0	0	12.2222222222	orig=54F
1870	6	24	8	0	0	12.7777777778	orig=55F
1870	6	25	8	0	0	11.6666666667	orig=53F
1870	6	26	8	0	0	12.7777777778	orig=55F
1870	6	27	8	0	0	13.3333333333	orig=56F
1870	6	28	8	0	0	13.8888888889	orig=57F
1870	6	29	8	0	0	13.3333333333	orig=56F
1870	6	30	8	0	0	11.6666666667	orig=53F
1870	7	1	8	0	0	13.3333333333	orig=56F
1870	7	2	8	0	0	12.7777777778	orig=55F
1870	7	3	8	0	0	13.3333333333	orig=56F
1870	7	4	8	0	0	14.4444444444	orig=58F
1870	7	5	8	0	0	15	orig=59F
1870	7	6	8	0	0	13.3333333333	orig=56F
1870	7	7	8	0	0	14.4444444444	orig=58F
1870	7	8	8	0	0	13.8888888889	orig=57F
1870	7	9	8	0	0	16.1111111111	orig=61F
1870	7	10	8	0	0	16.6666666667	orig=62F
1870	7	11	8	0	0	15	orig=59F
1870	7	12	8	0	0	13.3333333333	orig=56F
1870	7	13	8	0	0	15	orig=59F
1870	7	14	8	0	0	15	orig=59F
1870	7	15	8	0	0	15.5555555556	orig=60F
1870	7	16	8	0	0	13.8888888889	orig=57F
1870	7	17	8	0	0	14.4444444444	orig=58F
1870	7	18	8	0	0	15.5555555556	orig=60F
1870	7	19	8	0	0	15	orig=59F
1870	7	20	8	0	0	14.4444444444	orig=58F
1870	7	21	8	0	0	16.1111111111	orig=61F
1870	7	22	8	0	0	15	orig=59F
1870	7	23	8	0	0	20.5555555556	orig=69F
1870	7	24	8	0	0	22.2222222222	orig=72F
1870	7	25	8	0	0	22.2222222222	orig=72F
1870	7	26	8	0	0	16.1111111111	orig=61F
1870	7	27	8	0	0	18.3333333333	orig=65F
1870	7	28	8	0	0	15.5555555556	orig=60F
1870	7	29	8	0	0	16.1111111111	orig=61F
1870	7	30	8	0	0	13.3333333333	orig=56F
1870	7	31	8	0	0	18.3333333333	orig=65F
1870	8	1	8	0	0	17.2222222222	orig=63F
1870	8	2	8	0	0	16.6666666667	orig=62F
1870	8	3	8	0	0	16.1111111111	orig=61F
1870	8	4	8	0	0	16.1111111111	orig=61F
1870	8	5	8	0	0	16.6666666667	orig=62F
1870	8	6	8	0	0	16.6666666667	orig=62F
1870	8	7	8	0	0	19.4444444444	orig=67F
1870	8	8	8	0	0	18.8888888889	orig=66F
1870	8	9	8	0	0	18.8888888889	orig=66F
1870	8	10	8	0	0	15	orig=59F
1870	8	11	8	0	0	16.1111111111	orig=61F
1870	8	12	8	0	0	15.5555555556	orig=60F
1870	8	13	8	0	0	16.1111111111	orig=61F
1870	8	14	8	0	0	16.1111111111	orig=61F
1870	8	15	8	0	0	14.4444444444	orig=58F
1870	8	16	8	0	0	13.8888888889	orig=57F
1870	8	17	8	0	0	17.2222222222	orig=63F
1870	8	18	8	0	0	15	orig=59F
1870	8	19	8	0	0	12.2222222222	orig=54F
1870	8	20	8	0	0	13.3333333333	orig=56F
1870	8	21	8	0	0	10	orig=?50F
1870	8	22	8	0	0	12.7777777778	orig=55F
1870	8	23	8	0	0	14.4444444444	orig=58F
1870	8	24	8	0	0	14.4444444444	orig=58F
1870	8	25	8	0	0	13.8888888889	orig=57F
1870	8	27	8	0	0	10.5555555556	orig=51F
1870	8	28	8	0	0	12.7777777778	orig=55F
1870	8	29	8	0	0	11.1111111111	orig=52F
1870	8	30	8	0	0	12.2222222222	orig=54F
1870	8	31	8	0	0	13.3333333333	orig=56F
1870	9	1	8	0	0	12.7777777778	orig=55F
1870	9	2	8	0	0	13.3333333333	orig=56F
1870	9	3	8	0	0	12.7777777778	orig=55F
1870	9	5	8	0	0	14.4444444444	orig=58F
1870	9	6	8	0	0	12.2222222222	orig=54F
1870	9	7	8	0	0	13.8888888889	orig=57F
1870	9	8	8	0	0	11.1111111111	orig=52F
1870	9	9	8	0	0	14.4444444444	orig=58F
1870	9	10	8	0	0	12.2222222222	orig=54F
1870	9	11	8	0	0	11.1111111111	orig=52F
1870	9	12	8	0	0	13.8888888889	orig=57F
1870	9	13	8	0	0	13.8888888889	orig=57F
1870	9	14	8	0	0	11.1111111111	orig=52F
1870	9	15	8	0	0	8.88888888889	orig=48F
1870	9	16	8	0	0	12.2222222222	orig=54F
1870	9	17	8	0	0	13.8888888889	orig=57F
1870	9	18	8	0	0	12.2222222222	orig=54F
1870	9	19	8	0	0	11.1111111111	orig=52F
1870	9	20	8	0	0	13.8888888889	orig=57F
1870	9	21	8	0	0	13.3333333333	orig=56F
1870	9	22	8	0	0	13.3333333333	orig=56F
1870	9	23	8	0	0	13.8888888889	orig=57F
1870	9	24	8	0	0	12.2222222222	orig=54F
1870	9	25	8	0	0	13.8888888889	orig=57F
1870	9	26	8	0	0	13.3333333333	orig=56F
1870	9	27	8	0	0	13.3333333333	orig=56F
1870	9	28	8	0	0	12.2222222222	orig=54F
1870	9	29	8	0	0	12.7777777778	orig=55F
1870	9	30	8	0	0	12.7777777778	orig=55F
1870	10	1	8	0	0	8.88888888889	orig=48F
1870	10	3	8	0	0	8.33333333333	orig=47F
1870	10	4	8	0	0	9.44444444444	orig=49F
1870	10	5	8	0	0	6.66666666667	orig=44F
1870	10	6	8	0	0	8.88888888889	orig=48F
1870	10	7	8	0	0	8.88888888889	orig=48F
1870	10	8	8	0	0	9.44444444444	orig=49F
1870	10	9	8	0	0	6.11111111111	orig=43F
1870	10	10	8	0	0	5.55555555556	orig=42F
1870	10	11	8	0	0	10	orig=50F
1870	10	12	8	0	0	7.77777777778	orig=46F
1870	10	13	8	0	0	10.5555555556	orig=51F
1870	10	14	8	0	0	7.22222222222	orig=45F
1870	10	15	8	0	0	10	orig=50F
1870	10	16	8	0	0	12.7777777778	orig=55F
1870	10	17	8	0	0	8.88888888889	orig=48F
1870	10	18	8	0	0	8.88888888889	orig=48F
1870	10	19	8	0	0	12.2222222222	orig=54F
1870	10	20	8	0	0	8.88888888889	orig=48F
1870	10	21	8	0	0	6.11111111111	orig=43F
1870	10	22	8	0	0	11.6666666667	orig=53F
1870	10	23	8	0	0	11.6666666667	orig=53F
1870	10	24	8	0	0	11.1111111111	orig=52F
1870	10	25	8	0	0	9.44444444444	orig=49F
1870	10	26	8	0	0	8.33333333333	orig=47F
1870	10	27	8	0	0	8.33333333333	orig=47F
1870	10	28	8	0	0	10.5555555556	orig=51F
1870	10	29	8	0	0	11.1111111111	orig=52F
1870	10	30	8	0	0	8.33333333333	orig=47F
1870	10	31	8	0	0	7.77777777778	orig=46F
1870	11	1	8	0	0	3.88888888889	orig=39F
1870	11	2	8	0	0	10.5555555556	orig=51F
1870	11	3	8	0	0	10.5555555556	orig=51F
1870	11	4	8	0	0	8.33333333333	orig=47F
1870	11	5	8	0	0	6.11111111111	orig=43F
1870	11	6	8	0	0	9.44444444444	orig=49F
1870	11	7	8	0	0	5	orig=41F
1870	11	8	8	0	0	0	orig=32F
1870	11	9	8	0	0	-1.11111111111	orig=30F
1870	11	10	8	0	0	1.11111111111	orig=34F
1870	11	11	8	0	0	1.66666666667	orig=35F
1870	11	12	8	0	0	1.11111111111	orig=34F
1870	11	13	8	0	0	5	orig=41F
1870	11	14	8	0	0	4.44444444444	orig=40F
1870	11	15	8	0	0	5.55555555556	orig=42F
1870	11	16	8	0	0	5	orig=41F
1870	11	18	8	0	0	2.22222222222	orig=36F
1870	11	19	8	0	0	7.77777777778	orig=46F
1870	11	20	8	0	0	7.77777777778	orig=46F
1870	11	25	8	0	0	8.33333333333	orig=47F
1870	11	27	8	0	0	3.33333333333	orig=38F
1870	11	28	8	0	0	4.44444444444	orig=40F
1870	11	29	8	0	0	3.33333333333	orig=38F
1870	11	30	8	0	0	6.11111111111	orig=43F
1870	12	1	8	0	0	3.88888888889	orig=39F
1870	12	2	8	0	0	1.66666666667	orig=35F
1870	12	3	8	0	0	2.77777777778	orig=37F
1870	12	4	8	0	0	3.33333333333	orig=38F
1870	12	5	8	0	0	6.11111111111	orig=43F
1870	12	6	8	0	0	3.88888888889	orig=39F
1870	12	7	8	0	0	1.11111111111	orig=34F
1870	12	8	8	0	0	0.555555555556	orig=33F
1870	12	9	8	0	0	3.33333333333	orig=38F
1870	12	10	8	0	0	4.44444444444	orig=40F
1870	12	12	8	0	0	0.555555555556	orig=33F
1870	12	13	8	0	0	1.66666666667	orig=35F
1870	12	14	8	0	0	3.88888888889	orig=39F
1870	12	15	8	0	0	7.77777777778	orig=46F
1870	12	16	8	0	0	3.88888888889	orig=39F
1870	12	17	8	0	0	3.88888888889	orig=39F
1870	12	18	8	0	0	10.5555555556	orig=51F
1870	12	19	8	0	0	10	orig=50F
1870	12	20	8	0	0	5	orig=41F
1870	12	21	8	0	0	0.555555555556	orig=33F
1870	12	22	8	0	0	-3.33333333333	orig=26F
1870	12	23	8	0	0	-4.44444444444	orig=24F
1870	12	24	8	0	0	-3.88888888889	orig=25F
1870	12	25	8	0	0	-5.55555555556	orig=22F
1870	12	26	8	0	0	-2.77777777778	orig=27F
1870	12	27	8	0	0	-6.11111111111	orig=21F
1870	12	28	8	0	0	-0.555555555556	orig=31F
1870	12	29	8	0	0	0	orig=32F
1870	12	30	8	0	0	1.11111111111	orig=34F
1870	12	31	8	0	0	2.77777777778	orig=37F
1871	1	1	8	0	0	3.88888888889	orig=39F
1871	1	2	8	0	0	0.555555555556	orig=33F
1871	1	3	8	0	0	2.22222222222	orig=36F
1871	1	4	8	0	0	5	orig=41F
1871	1	5	8	0	0	5.55555555556	orig=42F
1871	1	6	8	0	0	6.11111111111	orig=43F
1871	1	7	8	0	0	3.33333333333	orig=38F
1871	1	8	8	0	0	3.33333333333	orig=38F
1871	1	9	8	0	0	2.22222222222	orig=36F
1871	1	10	8	0	0	1.66666666667	orig=35F
1871	1	11	8	0	0	2.22222222222	orig=36F
1871	1	12	8	0	0	-2.77777777778	orig=27F
1871	1	13	8	0	0	6.66666666667	orig=44F
1871	1	14	8	0	0	7.77777777778	orig=46F
1871	1	15	8	0	0	5.55555555556	orig=42F
1871	1	16	8	0	0	6.11111111111	orig=43F
1871	1	17	8	0	0	5.55555555556	orig=42F
1871	1	18	8	0	0	5	orig=41F
1871	1	19	8	0	0	5	orig=41F
1871	1	20	8	0	0	2.22222222222	orig=36F
1871	1	21	8	0	0	3.33333333333	orig=38F
1871	1	22	8	0	0	1.66666666667	orig=35F
1871	1	23	8	0	0	1.11111111111	orig=34F
1871	1	25	8	0	0	-2.77777777778	orig=27F
1871	1	26	8	0	0	-1.11111111111	orig=30F
1871	1	27	8	0	0	-0.555555555556	orig=31F
1871	1	28	8	0	0	-2.22222222222	orig=28F
1871	1	29	8	0	0	0.555555555556	orig=33F
1871	1	30	8	0	0	1.11111111111	orig=34F
1871	1	31	8	0	0	0.555555555556	orig=33F
1871	2	1	8	0	0	-2.77777777778	orig=27F
1871	2	2	8	0	0	0.555555555556	orig=33F
1871	2	3	8	0	0	1.66666666667	orig=35F
1871	2	4	8	0	0	2.22222222222	orig=36F
1871	2	5	8	0	0	5.55555555556	orig=42F
1871	2	6	8	0	0	7.22222222222	orig=45F
1871	2	7	8	0	0	8.88888888889	orig=48F
1871	2	9	8	0	0	6.11111111111	orig=43F
1871	2	10	8	0	0	4.44444444444	orig=40F
1871	2	11	8	0	0	2.22222222222	orig=36F
1871	2	12	8	0	0	5.55555555556	orig=42F
1871	2	13	8	0	0	5.55555555556	orig=42F
1871	2	14	8	0	0	7.77777777778	orig=46F
1871	2	15	8	0	0	6.66666666667	orig=44F
1871	2	16	8	0	0	7.22222222222	orig=45F
1871	2	17	8	0	0	7.22222222222	orig=45F
1871	2	18	8	0	0	7.77777777778	orig=46F
1871	2	19	8	0	0	8.33333333333	orig=47F
1871	2	20	8	0	0	7.22222222222	orig=45F
1871	2	21	8	0	0	5.55555555556	orig=42F
1871	2	22	8	0	0	7.77777777778	orig=46F
1871	2	23	8	0	0	7.77777777778	orig=46F
1871	2	24	8	0	0	8.33333333333	orig=47F
1871	2	25	8	0	0	8.88888888889	orig=48F
1871	2	26	8	0	0	6.11111111111	orig=43F
1871	2	27	8	0	0	6.11111111111	orig=43F
1871	2	28	8	0	0	5	orig=41F
1871	3	1	8	0	0	3.33333333333	orig=38F
1871	3	2	8	0	0	6.66666666667	orig=44F
1871	3	3	8	0	0	6.66666666667	orig=44F
1871	3	4	8	0	0	8.88888888889	orig=48F
1871	3	5	8	0	0	8.33333333333	orig=47F
1871	3	6	8	0	0	8.33333333333	orig=47F
1871	3	7	8	0	0	6.11111111111	orig=43F
1871	3	8	8	0	0	5	orig=41F
1871	3	9	8	0	0	5.55555555556	orig=42F
1871	3	10	8	0	0	5	orig=41F
1871	3	11	8	0	0	8.33333333333	orig=47F
1871	3	12	8	0	0	8.88888888889	orig=48F
1871	3	13	8	0	0	5.55555555556	orig=42F
1871	3	14	8	0	0	2.77777777778	orig=37F
1871	3	15	8	0	0	-6.11111111111	orig=21F
1871	3	16	8	0	0	1.66666666667	orig=35F
1871	3	17	8	0	0	5	orig=41F
1871	3	18	8	0	0	6.66666666667	orig=44F
1871	3	19	8	0	0	7.22222222222	orig=45F
1871	3	20	8	0	0	7.77777777778	orig=46F
1871	3	21	8	0	0	8.33333333333	orig=47F
1871	3	22	8	0	0	7.77777777778	orig=46F
1871	3	23	8	0	0	6.11111111111	orig=43F
1871	3	24	8	0	0	5.55555555556	orig=42F
1871	3	25	8	0	0	6.11111111111	orig=43F
1871	3	26	8	0	0	7.22222222222	orig=45F
1871	3	27	8	0	0	5	orig=41F
1871	3	28	8	0	0	2.22222222222	orig=36F
1871	3	29	8	0	0	3.33333333333	orig=38F
1871	3	30	8	0	0	5	orig=41F
1871	3	31	8	0	0	8.88888888889	orig=48F
1871	4	1	8	0	0	4.44444444444	orig=40F
1871	4	2	8	0	0	7.77777777778	orig=46F
1871	4	3	8	0	0	3.88888888889	orig=39F
1871	4	4	8	0	0	8.33333333333	orig=47F
1871	4	5	8	0	0	7.22222222222	orig=45F
1871	4	6	8	0	0	3.88888888889	orig=39F
1871	4	7	8	0	0	6.11111111111	orig=43F
1871	4	8	8	0	0	6.11111111111	orig=43F
1871	4	9	8	0	0	7.77777777778	orig=46F
1871	4	10	8	0	0	5	orig=41F
1871	4	11	8	0	0	5.55555555556	orig=42F
1871	4	12	8	0	0	9.44444444444	orig=49F
1871	4	13	8	0	0	9.44444444444	orig=49F
1871	4	14	8	0	0	6.66666666667	orig=44F
1871	4	15	8	0	0	8.88888888889	orig=48F
1871	4	16	8	0	0	8.33333333333	orig=47F
1871	4	17	8	0	0	5.55555555556	orig=42F
1871	4	18	8	0	0	3.33333333333	orig=38F
1871	4	19	8	0	0	5	orig=41F
1871	4	20	8	0	0	3.88888888889	orig=39F
1871	4	21	8	0	0	5	orig=41F
1871	4	22	8	0	0	6.66666666667	orig=44F
1871	4	23	8	0	0	6.11111111111	orig=43F
1871	4	24	8	0	0	5	orig=41F
1871	4	25	8	0	0	5.55555555556	orig=42F
1871	4	26	8	0	0	7.77777777778	orig=46F
1871	4	27	8	0	0	6.66666666667	orig=44F
1871	4	28	8	0	0	8.88888888889	orig=48F
1871	4	29	8	0	0	7.77777777778	orig=46F
1871	4	30	8	0	0	8.88888888889	orig=48F
1871	5	1	8	0	0	6.66666666667	orig=44F
1871	5	2	8	0	0	8.88888888889	orig=48F
1871	5	3	8	0	0	8.88888888889	orig=48F
1871	5	4	8	0	0	7.22222222222	orig=45F
1871	5	5	8	0	0	7.77777777778	orig=46F
1871	5	6	8	0	0	10	orig=50F
1871	5	7	8	0	0	11.6666666667	orig=53F
1871	5	8	8	0	0	13.3333333333	orig=56F
1871	5	9	8	0	0	9.44444444444	orig=49F
1871	5	10	8	0	0	8.88888888889	orig=48F
1871	5	11	8	0	0	9.44444444444	orig=49F
1871	5	12	8	0	0	10	orig=50F
1871	5	13	8	0	0	8.88888888889	orig=48F
1871	5	15	8	0	0	7.22222222222	orig=45F
1871	5	16	8	0	0	8.33333333333	orig=47F
1871	5	17	8	0	0	3.88888888889	orig=39F
1871	5	18	8	0	0	7.77777777778	orig=46F
1871	5	19	8	0	0	10	orig=50F
1871	5	20	8	0	0	10	orig=50F
1871	5	21	8	0	0	11.6666666667	orig=53F
1871	5	22	8	0	0	16.1111111111	orig=61F
1871	5	23	8	0	0	16.1111111111	orig=61F
1871	5	24	8	0	0	16.1111111111	orig=61F
1871	5	25	8	0	0	12.7777777778	orig=55F
1871	5	26	8	0	0	12.7777777778	orig=55F
1871	5	27	8	0	0	12.7777777778	orig=55F
1871	5	29	8	0	0	13.8888888889	orig=57F
1871	5	30	8	0	0	14.4444444444	orig=58F
1871	5	31	8	0	0	12.7777777778	orig=55F
1871	6	1	8	0	0	16.1111111111	orig=61F
1871	6	2	8	0	0	11.6666666667	orig=53F
1871	6	3	8	0	0	8.88888888889	orig=48F
1871	6	4	8	0	0	10.5555555556	orig=51F
1871	6	5	8	0	0	12.2222222222	orig=54F
1871	6	6	8	0	0	11.6666666667	orig=53F
1871	6	7	8	0	0	13.3333333333	orig=56F
1871	6	8	8	0	0	12.7777777778	orig=55F
1871	6	9	8	0	0	12.2222222222	orig=54F
1871	6	10	8	0	0	11.6666666667	orig=53F
1871	6	11	8	0	0	14.4444444444	orig=58F
1871	6	12	8	0	0	13.8888888889	orig=57F
1871	6	13	8	0	0	17.2222222222	orig=63F
1871	6	14	8	0	0	16.1111111111	orig=61F
1871	6	15	8	0	0	12.7777777778	orig=55F
1871	6	16	8	0	0	11.6666666667	orig=53F
1871	6	17	8	0	0	13.8888888889	orig=57F
1871	6	18	8	0	0	14.4444444444	orig=58F
1871	6	19	8	0	0	15	orig=59F
1871	6	20	8	0	0	14.4444444444	orig=58F
1871	6	21	8	0	0	13.3333333333	orig=56F
1871	6	22	8	0	0	10	orig=50F
1871	6	23	8	0	0	12.7777777778	orig=55F
1871	6	24	8	0	0	12.2222222222	orig=54F
1871	6	25	8	0	0	13.8888888889	orig=57F
1871	6	26	8	0	0	12.7777777778	orig=55F
1871	6	27	8	0	0	13.8888888889	orig=57F
1871	6	28	8	0	0	14.4444444444	orig=58F
1871	6	29	8	0	0	13.3333333333	orig=56F
1871	6	30	8	0	0	12.7777777778	orig=55F
1871	7	1	8	0	0	13.8888888889	orig=57F
1871	7	2	8	0	0	15	orig=59F
1871	7	3	8	0	0	13.8888888889	orig=57F
1871	7	4	8	0	0	13.3333333333	orig=56F
1871	7	5	8	0	0	14.4444444444	orig=58F
1871	7	6	8	0	0	12.7777777778	orig=55F
1871	7	7	8	0	0	14.4444444444	orig=58F
1871	7	8	8	0	0	13.8888888889	orig=57F
1871	7	9	8	0	0	13.8888888889	orig=57F
1871	7	10	8	0	0	13.8888888889	orig=57F
1871	7	11	8	0	0	13.3333333333	orig=56F
1871	7	12	8	0	0	15	orig=59F
1871	7	13	8	0	0	15	orig=59F
1871	7	14	8	0	0	15	orig=59F
1871	7	15	8	0	0	14.4444444444	orig=58F
1871	7	16	8	0	0	15.5555555556	orig=60F
1871	7	17	8	0	0	15.5555555556	orig=60F
1871	7	18	8	0	0	15.5555555556	orig=60F
1871	7	19	8	0	0	12.2222222222	orig=54F
1871	7	20	8	0	0	14.4444444444	orig=58F
1871	7	21	8	0	0	13.8888888889	orig=57F
1871	7	22	8	0	0	14.4444444444	orig=58F
1871	7	23	8	0	0	15	orig=59F
1871	7	24	8	0	0	14.4444444444	orig=58F
1871	7	25	8	0	0	13.8888888889	orig=57F
1871	7	26	8	0	0	13.3333333333	orig=56F
1871	7	27	8	0	0	13.8888888889	orig=57F
1871	7	28	8	0	0	12.7777777778	orig=55F
1871	7	29	8	0	0	14.4444444444	orig=58F
1871	7	30	8	0	0	14.4444444444	orig=58F
1871	7	31	8	0	0	13.8888888889	orig=57F
1871	8	1	8	0	0	15	orig=59F
1871	8	2	8	0	0	15	orig=59F
1871	8	3	8	0	0	14.4444444444	orig=58F
1871	8	4	8	0	0	13.3333333333	orig=56F
1871	8	5	8	0	0	13.8888888889	orig=57F
1871	8	6	8	0	0	16.6666666667	orig=62F
1871	8	7	8	0	0	16.6666666667	orig=62F
1871	8	8	8	0	0	17.2222222222	orig=63F
1871	8	9	8	0	0	17.2222222222	orig=63F
1871	8	10	8	0	0	18.3333333333	orig=65F
1871	8	11	8	0	0	17.2222222222	orig=63F
1871	8	12	8	0	0	17.2222222222	orig=63F
1871	8	13	8	0	0	16.1111111111	orig=61F
1871	8	14	8	0	0	15	orig=59F
1871	8	15	8	0	0	14.4444444444	orig=58F
1871	8	16	8	0	0	14.4444444444	orig=58F
1871	8	17	8	0	0	13.8888888889	orig=57F
1871	8	18	8	0	0	15.5555555556	orig=60F
1871	8	19	8	0	0	13.8888888889	orig=57F
1871	8	20	8	0	0	11.6666666667	orig=53F
1871	8	21	8	0	0	13.3333333333	orig=56F
1871	8	22	8	0	0	13.3333333333	orig=56F
1871	8	23	8	0	0	15.5555555556	orig=60F
1871	8	24	8	0	0	15	orig=59F
1871	8	25	8	0	0	13.3333333333	orig=56F
1871	8	26	8	0	0	13.8888888889	orig=57F
1871	8	27	8	0	0	13.8888888889	orig=57F
1871	8	28	8	0	0	14.4444444444	orig=58F
1871	8	29	8	0	0	16.6666666667	orig=62F
1871	8	30	8	0	0	16.1111111111	orig=61F
1871	8	31	8	0	0	16.6666666667	orig=62F
1871	9	1	8	0	0	16.1111111111	orig=61F
1871	9	2	8	0	0	14.4444444444	orig=58F
1871	9	3	8	0	0	16.1111111111	orig=61F
1871	9	4	8	0	0	15	orig=59F
1871	9	5	8	0	0	13.8888888889	orig=57F
1871	9	6	8	0	0	15.5555555556	orig=60F
1871	9	7	8	0	0	12.7777777778	orig=55F
1871	9	8	8	0	0	15	orig=59F
1871	9	9	8	0	0	13.3333333333	orig=56F
1871	9	10	8	0	0	13.3333333333	orig=56F
1871	9	11	8	0	0	13.8888888889	orig=57F
1871	9	12	8	0	0	13.3333333333	orig=56F
1871	9	13	8	0	0	13.3333333333	orig=56F
1871	9	14	8	0	0	12.2222222222	orig=54F
1871	9	15	8	0	0	9.44444444444	orig=49F
1871	9	16	8	0	0	12.2222222222	orig=54F
1871	9	17	8	0	0	12.2222222222	orig=54F
1871	9	18	8	0	0	11.1111111111	orig=52F
1871	9	19	8	0	0	8.88888888889	orig=48F
1871	9	20	8	0	0	11.6666666667	orig=53F
1871	9	21	8	0	0	8.88888888889	orig=48F
1871	9	22	8	0	0	10.5555555556	orig=51F
1871	9	23	8	0	0	8.33333333333	orig=47F
1871	9	24	8	0	0	8.88888888889	orig=48F
1871	9	25	8	0	0	6.11111111111	orig=43F
1871	9	26	8	0	0	8.33333333333	orig=47F
1871	9	27	8	0	0	8.33333333333	orig=47F
1871	9	28	8	0	0	7.77777777778	orig=46F
1871	9	29	8	0	0	6.11111111111	orig=43F
1871	9	30	8	0	0	3.33333333333	orig=38F|qc=climatic_outliers
1871	10	1	8	0	0	7.22222222222	orig=45F
1871	10	2	8	0	0	8.33333333333	orig=47F
1871	10	3	8	0	0	8.88888888889	orig=48F
1871	10	4	8	0	0	5	orig=41F
1871	10	5	8	0	0	10	orig=50F
1871	10	6	8	0	0	11.1111111111	orig=52F
1871	10	7	8	0	0	9.44444444444	orig=49F
1871	10	8	8	0	0	8.88888888889	orig=48F
1871	10	9	8	0	0	1.66666666667	orig=35F
1871	10	10	8	0	0	1.66666666667	orig=35F
1871	10	11	8	0	0	3.88888888889	orig=39F
1871	10	12	8	0	0	5	orig=41F
1871	10	13	8	0	0	10.5555555556	orig=51F
1871	10	14	8	0	0	12.2222222222	orig=54F
1871	10	15	8	0	0	12.2222222222	orig=54F
1871	10	16	8	0	0	9.44444444444	orig=49F
1871	10	17	8	0	0	12.2222222222	orig=54F
1871	10	18	8	0	0	13.8888888889	orig=57F
1871	10	19	8	0	0	12.7777777778	orig=55F
1871	10	20	8	0	0	10.5555555556	orig=51F
1871	10	21	8	0	0	11.1111111111	orig=52F
1871	10	22	8	0	0	11.1111111111	orig=52F
1871	10	23	8	0	0	12.2222222222	orig=54F
1871	10	24	8	0	0	7.77777777778	orig=46F
1871	10	25	8	0	0	11.1111111111	orig=52F
1871	10	26	8	0	0	13.3333333333	orig=56F
1871	10	27	8	0	0	11.1111111111	orig=52F
1871	10	28	8	0	0	8.33333333333	orig=47F
1871	10	29	8	0	0	10	orig=50F
1871	10	30	8	0	0	8.33333333333	orig=47F
1871	10	31	8	0	0	9.44444444444	orig=49F
1871	11	1	8	0	0	6.66666666667	orig=44F
1871	11	2	8	0	0	6.11111111111	orig=43F
1871	11	3	8	0	0	6.66666666667	orig=44F
1871	11	4	8	0	0	10.5555555556	orig=51F
1871	11	5	8	0	0	4.44444444444	orig=40F
1871	11	6	8	0	0	2.22222222222	orig=36F
1871	11	7	8	0	0	5.55555555556	orig=42F
1871	11	8	8	0	0	3.33333333333	orig=38F
1871	11	9	8	0	0	5	orig=41F
1871	11	10	8	0	0	6.66666666667	orig=44F
1871	11	11	8	0	0	2.22222222222	orig=36F
1871	11	12	8	0	0	3.88888888889	orig=39F
1871	11	13	8	0	0	-1.66666666667	orig=29F
1871	11	14	8	0	0	10.5555555556	orig=51F
1871	11	15	8	0	0	9.44444444444	orig=49F
1871	11	16	8	0	0	3.33333333333	orig=38F
1871	11	17	8	0	0	0.555555555556	orig=33F
1871	11	18	8	0	0	-2.77777777778	orig=27F
1871	11	19	8	0	0	4.44444444444	orig=40F
1871	11	20	8	0	0	10	orig=50F
1871	11	21	8	0	0	5.55555555556	orig=42F
1871	11	22	8	0	0	6.66666666667	orig=44F
1871	11	23	8	0	0	7.77777777778	orig=46F
1871	11	24	8	0	0	5	orig=41F
1871	11	25	8	0	0	3.88888888889	orig=39F
1871	11	26	8	0	0	4.44444444444	orig=40F
1871	11	27	8	0	0	2.22222222222	orig=36F
1871	11	28	8	0	0	0	orig=32F
1871	11	29	8	0	0	2.22222222222	orig=36F
1871	11	30	8	0	0	1.11111111111	orig=34F
1871	12	1	8	0	0	2.77777777778	orig=37F
1871	12	2	8	0	0	5	orig=41F
1871	12	3	8	0	0	0	orig=32F
1871	12	4	8	0	0	-1.11111111111	orig=30F
1871	12	5	8	0	0	-0.555555555556	orig=31F
1871	12	6	8	0	0	0	orig=32F
1871	12	7	8	0	0	2.22222222222	orig=36F
1871	12	8	8	0	0	4.44444444444	orig=40F
1871	12	10	8	0	0	2.22222222222	orig=36F
1871	12	11	8	0	0	8.33333333333	orig=47F
1871	12	12	8	0	0	8.88888888889	orig=48F
1871	12	13	8	0	0	3.88888888889	orig=39F
1871	12	14	8	0	0	10	orig=50F
1871	12	15	8	0	0	8.88888888889	orig=48F
1871	12	16	8	0	0	6.11111111111	orig=43F
1871	12	17	8	0	0	7.77777777778	orig=46F
1871	12	18	8	0	0	10	orig=50F
1871	12	19	8	0	0	7.22222222222	orig=45F
1871	12	20	8	0	0	6.66666666667	orig=44F
1871	12	21	8	0	0	5.55555555556	orig=42F
1871	12	22	8	0	0	3.33333333333	orig=38F
1871	12	23	8	0	0	1.11111111111	orig=34F
1871	12	24	8	0	0	8.33333333333	orig=47F
1871	12	25	8	0	0	6.66666666667	orig=44F
1871	12	26	8	0	0	6.66666666667	orig=44F
1871	12	27	8	0	0	7.22222222222	orig=45F
1871	12	28	8	0	0	8.33333333333	orig=47F
1871	12	29	8	0	0	6.66666666667	orig=44F
1871	12	30	8	0	0	10	orig=50F
1871	12	31	8	0	0	4.44444444444	orig=40F
1872	1	1	8	0	0	9.44444444444	orig=49F
1872	1	2	8	0	0	7.77777777778	orig=46F
1872	1	3	8	0	0	5.55555555556	orig=42F
1872	1	4	8	0	0	5	orig=41F
1872	1	5	8	0	0	1.66666666667	orig=35F
1872	1	7	8	0	0	5	orig=41F
1872	1	8	8	0	0	1.66666666667	orig=35F
1872	1	9	8	0	0	2.22222222222	orig=36F
1872	1	10	8	0	0	2.22222222222	orig=36F
1872	1	11	8	0	0	6.11111111111	orig=43F
1872	1	12	8	0	0	2.77777777778	orig=37F
1872	1	13	8	0	0	8.88888888889	orig=48F
1872	1	14	8	0	0	6.66666666667	orig=44F
1872	1	15	8	0	0	7.22222222222	orig=45F
1872	1	16	8	0	0	6.11111111111	orig=43F
1872	1	17	8	0	0	8.33333333333	orig=47F
1872	1	18	8	0	0	7.22222222222	orig=45F
1872	1	19	8	0	0	6.11111111111	orig=43F
1872	1	20	8	0	0	4.44444444444	orig=40F
1872	1	21	8	0	0	4.44444444444	orig=40F
1872	1	22	8	0	0	0	orig=32F
1872	1	23	8	0	0	3.88888888889	orig=39F
1872	1	24	8	0	0	4.44444444444	orig=40F
1872	1	25	8	0	0	5.55555555556	orig=42F
1872	1	26	8	0	0	6.66666666667	orig=44F
1872	1	27	8	0	0	4.44444444444	orig=40F
1872	1	28	8	0	0	2.77777777778	orig=37F
1872	1	29	8	0	0	7.77777777778	orig=46F
1872	1	30	8	0	0	9.44444444444	orig=49F
1872	1	31	8	0	0	8.88888888889	orig=48F
1872	2	1	8	0	0	9.44444444444	orig=49F
1872	2	2	8	0	0	7.22222222222	orig=45F
1872	2	3	8	0	0	7.77777777778	orig=46F
1872	2	4	8	0	0	6.66666666667	orig=44F
1872	2	5	8	0	0	6.66666666667	orig=44F
1872	2	6	8	0	0	7.77777777778	orig=46F
1872	2	7	8	0	0	5	orig=41F
1872	2	8	8	0	0	1.11111111111	orig=34F
1872	2	9	8	0	0	6.11111111111	orig=43F
1872	2	10	8	0	0	8.88888888889	orig=48F
1872	2	11	8	0	0	6.11111111111	orig=43F
1872	2	12	8	0	0	7.77777777778	orig=46F
1872	2	13	8	0	0	6.66666666667	orig=44F
1872	2	14	8	0	0	6.11111111111	orig=43F
1872	2	15	8	0	0	5	orig=41F
1872	2	16	8	0	0	4.44444444444	orig=40F
1872	2	17	8	0	0	5.55555555556	orig=42F
1872	2	18	8	0	0	5.55555555556	orig=42F
1872	2	19	8	0	0	5.55555555556	orig=42F
1872	2	20	8	0	0	5	orig=41F
1872	2	21	8	0	0	6.66666666667	orig=44F
1872	2	22	8	0	0	7.22222222222	orig=45F
1872	2	23	8	0	0	6.66666666667	orig=44F
1872	2	24	8	0	0	5	orig=41F
1872	2	25	8	0	0	7.77777777778	orig=46F
1872	2	26	8	0	0	5.55555555556	orig=42F
1872	2	27	8	0	0	1.11111111111	orig=34F
1872	2	28	8	0	0	6.11111111111	orig=43F
1872	2	29	8	0	0	8.33333333333	orig=47F
1872	3	1	8	0	0	7.77777777778	orig=46F
1872	3	2	8	0	0	7.22222222222	orig=45F
1872	3	3	8	0	0	8.88888888889	orig=48F
1872	3	4	8	0	0	8.88888888889	orig=48F
1872	3	5	8	0	0	9.44444444444	orig=49F
1872	3	6	8	0	0	8.88888888889	orig=48F
1872	3	7	8	0	0	6.11111111111	orig=43F
1872	3	8	8	0	0	8.88888888889	orig=48F
1872	3	9	8	0	0	5.55555555556	orig=42F
1872	3	10	8	0	0	3.33333333333	orig=38F
1872	3	11	8	0	0	8.33333333333	orig=47F
1872	3	12	8	0	0	7.77777777778	orig=46F
1872	3	13	8	0	0	7.22222222222	orig=45F
1872	3	14	8	0	0	7.22222222222	orig=45F
1872	3	15	8	0	0	7.77777777778	orig=46F
1872	3	16	8	0	0	8.88888888889	orig=48F
1872	3	17	8	0	0	8.88888888889	orig=48F
1872	3	18	8	0	0	8.33333333333	orig=47F
1872	3	19	8	0	0	5.55555555556	orig=42F
1872	3	20	8	0	0	5	orig=41F
1872	3	21	8	0	0	0.555555555556	orig=33F
1872	3	22	8	0	0	2.22222222222	orig=36F
1872	3	24	8	0	0	3.33333333333	orig=38F
1872	3	25	8	0	0	1.66666666667	orig=35F
1872	3	26	8	0	0	0	orig=32F
1872	3	27	8	0	0	2.22222222222	orig=36F
1872	3	28	8	0	0	4.44444444444	orig=40F
1872	3	29	8	0	0	3.33333333333	orig=38F
1872	3	30	8	0	0	4.44444444444	orig=40F
1872	3	31	8	0	0	5.55555555556	orig=42F
1872	4	1	8	0	0	4.44444444444	orig=40F
1872	4	2	8	0	0	3.88888888889	orig=39F
1872	4	3	8	0	0	5	orig=41F
1872	4	4	8	0	0	5.55555555556	orig=42F
1872	4	5	8	0	0	5.55555555556	orig=42F
1872	4	6	8	0	0	8.33333333333	orig=47F
1872	4	7	8	0	0	8.88888888889	orig=48F
1872	4	8	8	0	0	9.44444444444	orig=49F
1872	4	9	8	0	0	8.33333333333	orig=47F
1872	4	10	8	0	0	10	orig=50F
1872	4	11	8	0	0	8.88888888889	orig=48F
1872	4	12	8	0	0	10.5555555556	orig=51F
1872	4	13	8	0	0	8.88888888889	orig=48F
1872	4	14	8	0	0	10.5555555556	orig=51F
1872	4	15	8	0	0	8.88888888889	orig=48F
1872	4	16	8	0	0	8.88888888889	orig=48F
1872	4	17	8	0	0	7.22222222222	orig=45F
1872	4	18	8	0	0	7.22222222222	orig=45F
1872	4	19	8	0	0	5	orig=41F
1872	4	20	8	0	0	4.44444444444	orig=40F
1872	4	21	8	0	0	6.11111111111	orig=43F
1872	4	22	8	0	0	4.44444444444	orig=40F
1872	4	23	8	0	0	7.77777777778	orig=46F
1872	4	24	8	0	0	8.88888888889	orig=48F
1872	4	25	8	0	0	8.33333333333	orig=47F
1872	4	26	8	0	0	8.88888888889	orig=48F
1872	4	27	8	0	0	10.5555555556	orig=51F
1872	4	28	8	0	0	8.33333333333	orig=47F
1872	4	29	8	0	0	9.44444444444	orig=49F
1872	4	30	8	0	0	10.5555555556	orig=51F
1872	5	1	8	0	0	10.5555555556	orig=51F
1872	5	2	8	0	0	10	orig=50F
1872	5	3	8	0	0	8.88888888889	orig=48F
1872	5	4	8	0	0	8.88888888889	orig=48F
1872	5	5	8	0	0	9.44444444444	orig=49F
1872	5	6	8	0	0	9.44444444444	orig=49F
1872	5	7	8	0	0	7.22222222222	orig=45F
1872	5	8	8	0	0	8.88888888889	orig=48F
1872	5	9	8	0	0	8.88888888889	orig=48F
1872	5	10	8	0	0	8.88888888889	orig=48F
1872	5	11	8	0	0	8.33333333333	orig=47F
1872	5	12	8	0	0	7.77777777778	orig=46F
1872	5	13	8	0	0	7.77777777778	orig=46F
1872	5	14	8	0	0	11.1111111111	orig=52F
1872	5	15	8	0	0	10	orig=50F
1872	5	16	8	0	0	8.88888888889	orig=48F
1872	5	17	8	0	0	6.66666666667	orig=44F
1872	5	18	8	0	0	6.66666666667	orig=44F
1872	5	19	8	0	0	6.11111111111	orig=43F
1872	5	20	8	0	0	7.77777777778	orig=46F
1872	5	21	8	0	0	8.88888888889	orig=48F
1872	5	22	8	0	0	10	orig=50F
1872	5	23	8	0	0	8.88888888889	orig=48F
1872	5	24	8	0	0	10	orig=50F
1872	5	25	8	0	0	10.5555555556	orig=51F
1872	5	26	8	0	0	13.3333333333	orig=56F
1872	5	27	8	0	0	12.2222222222	orig=54F
1872	5	28	8	0	0	11.6666666667	orig=53F
1872	5	29	8	0	0	12.2222222222	orig=54F
1872	5	30	8	0	0	10.5555555556	orig=51F
1872	5	31	8	0	0	10	orig=50F
1872	6	1	8	0	0	10.5555555556	orig=51F
1872	6	2	8	0	0	11.1111111111	orig=52F
1872	6	3	8	0	0	11.1111111111	orig=52F
1872	6	4	8	0	0	11.6666666667	orig=53F
1872	6	5	8	0	0	11.6666666667	orig=53F
1872	6	6	8	0	0	10	orig=50F
1872	6	7	8	0	0	10.5555555556	orig=51F
1872	6	8	8	0	0	11.1111111111	orig=52F
1872	6	9	8	0	0	11.1111111111	orig=52F
1872	6	10	8	0	0	11.1111111111	orig=52F
1872	6	11	8	0	0	11.6666666667	orig=53F
1872	6	12	8	0	0	11.6666666667	orig=53F
1872	6	13	8	0	0	13.3333333333	orig=56F
1872	6	14	8	0	0	15	orig=59F
1872	6	15	8	0	0	13.3333333333	orig=56F
1872	6	16	8	0	0	13.8888888889	orig=57F
1872	6	17	8	0	0	15	orig=59F
1872	6	18	8	0	0	19.4444444444	orig=67F
1872	6	19	8	0	0	16.1111111111	orig=61F
1872	6	20	8	0	0	13.3333333333	orig=56F
1872	6	21	8	0	0	17.2222222222	orig=63F
1872	6	22	8	0	0	12.7777777778	orig=55F
1872	6	23	8	0	0	13.3333333333	orig=56F
1872	6	24	8	0	0	16.6666666667	orig=62F
1872	6	25	8	0	0	16.1111111111	orig=61F
1872	6	26	8	0	0	12.7777777778	orig=55F
1872	6	27	8	0	0	13.8888888889	orig=57F
1872	6	28	8	0	0	13.3333333333	orig=56F
1872	6	29	8	0	0	13.3333333333	orig=56F
1872	6	30	8	0	0	15.5555555556	orig=60F
1872	7	1	8	0	0	13.8888888889	orig=57F
1872	7	2	8	0	0	14.4444444444	orig=58F
1872	7	3	8	0	0	14.4444444444	orig=58F
1872	7	4	8	0	0	16.1111111111	orig=61F
1872	7	5	8	0	0	18.8888888889	orig=66F
1872	7	6	8	0	0	14.4444444444	orig=58F
1872	7	7	8	0	0	15.5555555556	orig=60F
1872	7	8	8	0	0	13.3333333333	orig=56F
1872	7	9	8	0	0	12.7777777778	orig=55F
1872	7	10	8	0	0	13.8888888889	orig=57F
1872	7	11	8	0	0	15	orig=59F
1872	7	12	8	0	0	16.6666666667	orig=62F
1872	7	13	8	0	0	18.8888888889	orig=66F
1872	7	14	8	0	0	17.2222222222	orig=63F
1872	7	15	8	0	0	16.1111111111	orig=61F
1872	7	16	8	0	0	16.1111111111	orig=61F
1872	7	17	8	0	0	13.8888888889	orig=57F
1872	7	18	8	0	0	12.2222222222	orig=54F
1872	7	19	8	0	0	12.7777777778	orig=55F
1872	7	20	8	0	0	16.1111111111	orig=61F
1872	7	21	8	0	0	17.7777777778	orig=64F
1872	7	22	8	0	0	15.5555555556	orig=60F
1872	7	23	8	0	0	17.2222222222	orig=63F
1872	7	24	8	0	0	16.1111111111	orig=61F
1872	7	25	8	0	0	16.1111111111	orig=61F
1872	7	26	8	0	0	15.5555555556	orig=60F
1872	7	27	8	0	0	14.4444444444	orig=58F
1872	7	28	8	0	0	18.3333333333	orig=65F
1872	7	29	8	0	0	16.6666666667	orig=62F
1872	7	30	8	0	0	13.3333333333	orig=56F
1872	7	31	8	0	0	12.7777777778	orig=55F
1872	8	1	8	0	0	13.3333333333	orig=56F
1872	8	2	8	0	0	13.3333333333	orig=56F
1872	8	3	8	0	0	12.7777777778	orig=55F
1872	8	4	8	0	0	13.3333333333	orig=56F
1872	8	5	8	0	0	13.3333333333	orig=56F
1872	8	6	8	0	0	11.6666666667	orig=53F
1872	8	7	8	0	0	13.8888888889	orig=57F
1872	8	8	8	0	0	13.3333333333	orig=56F
1872	8	9	8	0	0	13.3333333333	orig=56F
1872	8	10	8	0	0	15.5555555556	orig=60F
1872	8	11	8	0	0	15	orig=59F
1872	8	12	8	0	0	13.8888888889	orig=57F
1872	8	13	8	0	0	13.3333333333	orig=56F
1872	8	14	8	0	0	13.3333333333	orig=56F
1872	8	15	8	0	0	12.2222222222	orig=54F
1872	8	16	8	0	0	14.4444444444	orig=58F
1872	8	17	8	0	0	15.5555555556	orig=60F
1872	8	18	8	0	0	16.1111111111	orig=61F
1872	8	19	8	0	0	16.6666666667	orig=62F
1872	8	20	8	0	0	15	orig=59F
1872	8	21	8	0	0	15	orig=59F
1872	8	22	8	0	0	18.3333333333	orig=65F
1872	8	23	8	0	0	14.4444444444	orig=58F
1872	8	24	8	0	0	15	orig=59F
1872	8	25	8	0	0	12.2222222222	orig=54F
1872	8	26	8	0	0	14.4444444444	orig=58F
1872	8	27	8	0	0	12.7777777778	orig=55F
1872	8	28	8	0	0	14.4444444444	orig=58F
1872	8	29	8	0	0	15	orig=59F
1872	8	30	8	0	0	14.4444444444	orig=58F
1872	8	31	8	0	0	13.3333333333	orig=56F
1872	9	1	8	0	0	10.5555555556	orig=51F
1872	9	2	8	0	0	9.44444444444	orig=49F
1872	9	3	8	0	0	12.7777777778	orig=55F
1872	9	4	8	0	0	14.4444444444	orig=58F
1872	9	5	8	0	0	15	orig=59F
1872	9	6	8	0	0	15	orig=59F
1872	9	7	8	0	0	13.8888888889	orig=57F
1872	9	8	8	0	0	13.3333333333	orig=56F
1872	9	9	8	0	0	14.4444444444	orig=58F
1872	9	10	8	0	0	13.8888888889	orig=57F
1872	9	11	8	0	0	15.5555555556	orig=60F
1872	9	12	8	0	0	15.5555555556	orig=60F
1872	9	13	8	0	0	15.5555555556	orig=60F
1872	9	14	8	0	0	12.2222222222	orig=54F
1872	9	15	8	0	0	13.8888888889	orig=57F
1872	9	16	8	0	0	12.7777777778	orig=55F
1872	9	17	8	0	0	13.3333333333	orig=56F
1872	9	18	8	0	0	11.6666666667	orig=53F
1872	9	19	8	0	0	10.5555555556	orig=51F
1872	9	20	8	0	0	7.22222222222	orig=45F
1872	9	21	8	0	0	6.66666666667	orig=44F
1872	9	22	8	0	0	6.66666666667	orig=44F
1872	9	23	8	0	0	11.1111111111	orig=52F
1872	9	24	8	0	0	5	orig=41F|qc=climatic_outliers
1872	9	25	8	0	0	9.44444444444	orig=49F
1872	9	26	8	0	0	8.88888888889	orig=48F
1872	9	27	8	0	0	8.88888888889	orig=48F
1872	9	28	8	0	0	11.1111111111	orig=52F
1872	9	29	8	0	0	11.6666666667	orig=53F
1872	9	30	8	0	0	11.1111111111	orig=52F
1872	10	1	8	0	0	13.3333333333	orig=56F
1872	10	2	8	0	0	12.7777777778	orig=55F
1872	10	3	8	0	0	9.44444444444	orig=49F
1872	10	4	8	0	0	5	orig=41F
1872	10	5	8	0	0	0.555555555556	orig=33F
1872	10	6	8	0	0	9.44444444444	orig=49F
1872	10	7	8	0	0	11.6666666667	orig=53F
1872	10	8	8	0	0	11.1111111111	orig=52F
1872	10	9	8	0	0	10.5555555556	orig=51F
1872	10	10	8	0	0	8.88888888889	orig=48F
1872	10	11	8	0	0	6.66666666667	orig=44F
1872	10	12	8	0	0	7.77777777778	orig=46F
1872	10	13	8	0	0	6.66666666667	orig=44F
1872	10	14	8	0	0	2.77777777778	orig=37F
1872	10	15	8	0	0	5.55555555556	orig=42F
1872	10	16	8	0	0	7.22222222222	orig=45F
1872	10	17	8	0	0	7.22222222222	orig=45F
1872	10	18	8	0	0	6.66666666667	orig=44F
1872	10	19	8	0	0	10	orig=50F
1872	10	20	8	0	0	10.5555555556	orig=51F
1872	10	21	8	0	0	7.77777777778	orig=46F
1872	10	22	8	0	0	7.22222222222	orig=45F
1872	10	23	8	0	0	8.88888888889	orig=48F
1872	10	24	8	0	0	8.88888888889	orig=48F
1872	10	25	8	0	0	8.88888888889	orig=48F
1872	10	26	8	0	0	7.22222222222	orig=45F
1872	10	27	8	0	0	5.55555555556	orig=42F
1872	10	28	8	0	0	6.66666666667	orig=44F
1872	10	29	8	0	0	11.1111111111	orig=52F
1872	10	30	8	0	0	9.44444444444	orig=49F
1872	10	31	8	0	0	9.44444444444	orig=49F
1872	11	1	8	0	0	8.88888888889	orig=48F
1872	11	2	8	0	0	8.88888888889	orig=48F
1872	11	3	8	0	0	3.33333333333	orig=38F
1872	11	4	8	0	0	7.22222222222	orig=45F
1872	11	5	8	0	0	12.7777777778	orig=55F
1872	11	6	8	0	0	12.2222222222	orig=54F
1872	11	7	8	0	0	10	orig=50F
1872	11	8	8	0	0	10	orig=50F
1872	11	9	8	0	0	8.88888888889	orig=48F
1872	11	10	8	0	0	4.44444444444	orig=40F
1872	11	11	8	0	0	3.88888888889	orig=39F
1872	11	12	8	0	0	2.77777777778	orig=37F
1872	11	13	8	0	0	1.66666666667	orig=35F
1872	11	15	8	0	0	1.11111111111	orig=34F
1872	11	16	8	0	0	5	orig=41F
1872	11	17	8	0	0	4.44444444444	orig=40F
1872	11	18	8	0	0	3.88888888889	orig=39F
1872	11	19	8	0	0	0.555555555556	orig=33F
1872	11	20	8	0	0	8.33333333333	orig=47F
1872	11	21	8	0	0	8.33333333333	orig=47F
1872	11	22	8	0	0	6.66666666667	orig=44F
1872	11	23	8	0	0	6.11111111111	orig=43F
1872	11	24	8	0	0	9.44444444444	orig=49F
1872	11	25	8	0	0	5.55555555556	orig=42F
1872	11	26	8	0	0	10.5555555556	orig=51F
1872	11	27	8	0	0	9.44444444444	orig=49F
1872	11	28	8	0	0	2.22222222222	orig=36F
1872	11	29	8	0	0	2.77777777778	orig=37F
1872	11	30	8	0	0	5	orig=41F
1872	12	1	8	0	0	7.22222222222	orig=45F
1872	12	2	8	0	0	2.22222222222	orig=36F
1872	12	3	8	0	0	4.44444444444	orig=40F
1872	12	4	8	0	0	0.555555555556	orig=33F
1872	12	5	8	0	0	-0.555555555556	orig=31F
1872	12	6	8	0	0	8.33333333333	orig=47F
1872	12	7	8	0	0	8.33333333333	orig=47F
1872	12	8	8	0	0	5.55555555556	orig=42F
1872	12	9	8	0	0	5.55555555556	orig=42F
1872	12	10	8	0	0	3.33333333333	orig=38F
1872	12	11	8	0	0	1.66666666667	orig=35F
1872	12	12	8	0	0	-1.66666666667	orig=29F
1872	12	13	8	0	0	4.44444444444	orig=40F
1872	12	14	8	0	0	1.11111111111	orig=34F
1872	12	15	8	0	0	2.22222222222	orig=36F
1872	12	16	8	0	0	3.88888888889	orig=39F
1872	12	17	8	0	0	1.66666666667	orig=35F
1872	12	18	8	0	0	2.77777777778	orig=37F
1872	12	19	8	0	0	3.88888888889	orig=39F
1872	12	20	8	0	0	4.44444444444	orig=40F
1872	12	21	8	0	0	5.55555555556	orig=42F
1872	12	22	8	0	0	5	orig=41F
1872	12	23	8	0	0	10	orig=50F
1872	12	24	8	0	0	9.44444444444	orig=49F
1872	12	25	8	0	0	9.44444444444	orig=49F
1872	12	26	8	0	0	6.66666666667	orig=44F
1872	12	27	8	0	0	10.5555555556	orig=51F
1872	12	28	8	0	0	9.44444444444	orig=49F
1872	12	29	8	0	0	6.11111111111	orig=43F
1872	12	30	8	0	0	0	orig=32F
1872	12	31	8	0	0	7.77777777778	orig=46F
1873	1	1	8	0	0	7.77777777778	orig=46F
1873	1	2	8	0	0	7.22222222222	orig=45F
1873	1	3	8	0	0	8.33333333333	orig=47F
1873	1	4	8	0	0	6.11111111111	orig=43F
1873	1	5	8	0	0	5.55555555556	orig=42F
1873	1	6	8	0	0	9.44444444444	orig=49F
1873	1	7	8	0	0	9.44444444444	orig=49F
1873	1	8	8	0	0	9.44444444444	orig=49F
1873	1	9	8	0	0	6.11111111111	orig=43F
1873	1	10	8	0	0	8.33333333333	orig=47F
1873	1	11	8	0	0	8.33333333333	orig=47F
1873	1	12	8	0	0	6.66666666667	orig=44F
1873	1	13	8	0	0	8.33333333333	orig=47F
1873	1	14	8	0	0	10	orig=50F
1873	1	15	8	0	0	8.33333333333	orig=47F
1873	1	16	8	0	0	4.44444444444	orig=40F
1873	1	17	8	0	0	6.11111111111	orig=43F
1873	1	18	8	0	0	7.22222222222	orig=45F
1873	1	19	8	0	0	3.88888888889	orig=39F
1873	1	20	8	0	0	1.11111111111	orig=34F
1873	1	21	8	0	0	5.55555555556	orig=42F
1873	1	22	8	0	0	1.66666666667	orig=35F
1873	1	23	8	0	0	0.555555555556	orig=33F
1873	1	24	8	0	0	3.33333333333	orig=38F
1873	1	25	8	0	0	-0.555555555556	orig=31F
1873	1	26	8	0	0	6.66666666667	orig=44F
1873	1	27	8	0	0	5.55555555556	orig=42F
1873	1	28	8	0	0	2.22222222222	orig=36F
1873	1	29	8	0	0	0	orig=32F
1873	1	30	8	0	0	0.555555555556	orig=33F
1873	1	31	8	0	0	2.77777777778	orig=37F
1873	2	1	8	0	0	1.66666666667	orig=35F
1873	2	2	8	0	0	-1.11111111111	orig=30F
1873	2	3	8	0	0	-2.22222222222	orig=28F
1873	2	4	8	0	0	0	orig=32F
1873	2	5	8	0	0	1.66666666667	orig=35F
1873	2	6	8	0	0	1.11111111111	orig=34F
1873	2	7	8	0	0	3.88888888889	orig=39F
1873	2	8	8	0	0	-1.66666666667	orig=29F
1873	2	9	8	0	0	-1.11111111111	orig=30F
1873	2	10	8	0	0	2.22222222222	orig=36F
1873	2	11	8	0	0	-1.66666666667	orig=29F
1873	2	12	8	0	0	2.22222222222	orig=36F
1873	2	13	8	0	0	4.44444444444	orig=40F
1873	2	14	8	0	0	5.55555555556	orig=42F
1873	2	15	8	0	0	6.66666666667	orig=44F
1873	2	16	8	0	0	6.66666666667	orig=44F
1873	2	17	8	0	0	6.66666666667	orig=44F
1873	2	18	8	0	0	6.66666666667	orig=44F
1873	2	19	8	0	0	6.11111111111	orig=43F
1873	2	20	8	0	0	7.22222222222	orig=45F
1873	2	21	8	0	0	6.66666666667	orig=44F
1873	2	22	8	0	0	1.66666666667	orig=35F
1873	2	23	8	0	0	-1.66666666667	orig=29F
1873	2	24	8	0	0	-5	orig=23F
1873	2	25	8	0	0	-2.22222222222	orig=28F
1873	2	26	8	0	0	2.77777777778	orig=37F
1873	2	27	8	0	0	0.555555555556	orig=33F
1873	2	28	8	0	0	-2.77777777778	orig=27F
1873	3	1	8	0	0	1.11111111111	orig=34F
1873	3	2	8	0	0	5.55555555556	orig=42F
1873	3	3	8	0	0	5	orig=41F
1873	3	4	8	0	0	7.22222222222	orig=45F
1873	3	5	8	0	0	5.55555555556	orig=42F
1873	3	6	8	0	0	6.11111111111	orig=43F
1873	3	7	8	0	0	5	orig=41F
1873	3	8	8	0	0	5.55555555556	orig=42F
1873	3	9	8	0	0	5	orig=41F
1873	3	10	8	0	0	3.33333333333	orig=38F
1873	3	11	8	0	0	2.77777777778	orig=37F
1873	3	12	8	0	0	2.22222222222	orig=36F
1873	3	13	8	0	0	1.66666666667	orig=35F
1873	3	14	8	0	0	2.77777777778	orig=37F
1873	3	15	8	0	0	2.22222222222	orig=36F
1873	3	16	8	0	0	2.22222222222	orig=36F
1873	3	17	8	0	0	2.22222222222	orig=36F
1873	3	18	8	0	0	3.88888888889	orig=39F
1873	3	19	8	0	0	5.55555555556	orig=42F
1873	3	20	8	0	0	1.11111111111	orig=34F
1873	3	21	8	0	0	3.33333333333	orig=38F
1873	3	22	8	0	0	3.88888888889	orig=39F
1873	3	23	8	0	0	5	orig=41F
1873	3	24	8	0	0	5	orig=41F
1873	3	25	8	0	0	5	orig=41F
1873	3	26	8	0	0	4.44444444444	orig=40F
1873	3	27	8	0	0	4.44444444444	orig=40F
1873	3	28	8	0	0	6.11111111111	orig=43F
1873	3	29	8	0	0	5	orig=41F
1873	3	30	8	0	0	3.88888888889	orig=39F
1873	3	31	8	0	0	7.77777777778	orig=46F
1873	4	1	8	0	0	7.77777777778	orig=46F
1873	4	2	8	0	0	6.66666666667	orig=44F
1873	4	3	8	0	0	6.66666666667	orig=44F
1873	4	4	8	0	0	7.22222222222	orig=45F
1873	4	5	8	0	0	7.22222222222	orig=45F
1873	4	6	8	0	0	6.66666666667	orig=44F
1873	4	7	8	0	0	6.11111111111	orig=43F
1873	4	8	8	0	0	6.66666666667	orig=44F
1873	4	9	8	0	0	7.22222222222	orig=45F
1873	4	10	8	0	0	7.22222222222	orig=45F
1873	4	11	8	0	0	7.77777777778	orig=46F
1873	4	12	8	0	0	7.22222222222	orig=45F
1873	4	13	8	0	0	7.77777777778	orig=46F
1873	4	14	8	0	0	8.33333333333	orig=47F
1873	4	15	8	0	0	8.33333333333	orig=47F
1873	4	16	8	0	0	7.22222222222	orig=45F
1873	4	17	8	0	0	7.22222222222	orig=45F
1873	4	18	8	0	0	7.77777777778	orig=46F
1873	4	19	8	0	0	8.88888888889	orig=48F
1873	4	20	8	0	0	9.44444444444	orig=49F
1873	4	21	8	0	0	7.77777777778	orig=46F
1873	4	22	8	0	0	7.22222222222	orig=45F
1873	4	23	8	0	0	7.22222222222	orig=45F
1873	4	24	8	0	0	7.22222222222	orig=45F
1873	4	25	8	0	0	5	orig=41F
1873	4	26	8	0	0	7.22222222222	orig=45F
1873	4	27	8	0	0	9.44444444444	orig=49F
1873	4	28	8	0	0	8.88888888889	orig=48F
1873	4	29	8	0	0	8.88888888889	orig=48F
1873	4	30	8	0	0	10	orig=50F
1873	5	1	8	0	0	10.5555555556	orig=51F
1873	5	2	8	0	0	10	orig=50F
1873	5	3	8	0	0	10	orig=50F
1873	5	4	8	0	0	7.22222222222	orig=45F
1873	5	5	8	0	0	2.77777777778	orig=37F
1873	5	6	8	0	0	6.11111111111	orig=43F
1873	5	7	8	0	0	8.33333333333	orig=47F
1873	5	8	8	0	0	9.44444444444	orig=49F
1873	5	9	8	0	0	9.44444444444	orig=49F
1873	5	10	8	0	0	10	orig=50F
1873	5	11	8	0	0	11.1111111111	orig=52F
1873	5	12	8	0	0	10.5555555556	orig=51F
1873	5	13	8	0	0	8.88888888889	orig=48F
1873	5	14	8	0	0	8.88888888889	orig=48F
1873	5	15	8	0	0	6.11111111111	orig=43F
1873	5	16	8	0	0	6.11111111111	orig=43F
1873	5	17	8	0	0	3.88888888889	orig=39F
1873	5	18	8	0	0	5	orig=41F
1873	5	19	8	0	0	6.66666666667	orig=44F
1873	5	20	8	0	0	10	orig=50F
1873	5	21	8	0	0	11.1111111111	orig=52F
1873	5	22	8	0	0	10	orig=50F
1873	5	23	8	0	0	9.44444444444	orig=49F
1873	5	24	8	0	0	10	orig=50F
1873	5	25	8	0	0	11.6666666667	orig=53F
1873	5	26	8	0	0	9.44444444444	orig=49F
1873	5	27	8	0	0	14.4444444444	orig=58F
1873	5	28	8	0	0	12.7777777778	orig=55F
1873	5	29	8	0	0	10.5555555556	orig=51F
1873	5	30	8	0	0	12.7777777778	orig=55F
1873	5	31	8	0	0	12.7777777778	orig=55F
1873	6	1	8	0	0	14.4444444444	orig=58F
1873	6	2	8	0	0	13.3333333333	orig=56F
1873	6	3	8	0	0	15.5555555556	orig=60F
1873	6	4	8	0	0	12.7777777778	orig=55F
1873	6	5	8	0	0	13.3333333333	orig=56F
1873	6	6	8	0	0	12.7777777778	orig=55F
1873	6	7	8	0	0	13.3333333333	orig=56F
1873	6	8	8	0	0	13.3333333333	orig=56F
1873	6	9	8	0	0	12.7777777778	orig=55F
1873	6	10	8	0	0	12.7777777778	orig=55F
1873	6	11	8	0	0	12.2222222222	orig=54F
1873	6	12	8	0	0	11.6666666667	orig=53F
1873	6	13	8	0	0	13.3333333333	orig=56F
1873	6	14	8	0	0	12.7777777778	orig=55F
1873	6	15	8	0	0	12.7777777778	orig=55F
1873	6	16	8	0	0	12.7777777778	orig=55F
1873	6	17	8	0	0	16.6666666667	orig=62F
1873	6	18	8	0	0	15.5555555556	orig=60F
1873	6	19	8	0	0	15	orig=59F
1873	6	20	8	0	0	14.4444444444	orig=58F
1873	6	21	8	0	0	15	orig=59F
1873	6	22	8	0	0	14.4444444444	orig=58F
1873	6	23	8	0	0	13.3333333333	orig=56F
1873	6	24	8	0	0	13.8888888889	orig=57F
1873	6	25	8	0	0	13.3333333333	orig=56F
1873	6	26	8	0	0	11.6666666667	orig=53F
1873	6	27	8	0	0	13.8888888889	orig=57F
1873	6	28	8	0	0	13.3333333333	orig=56F
1873	6	29	8	0	0	13.8888888889	orig=57F
1873	6	30	8	0	0	13.8888888889	orig=57F
1873	7	1	8	0	0	14.4444444444	orig=58F
1873	7	2	8	0	0	15	orig=59F
1873	7	3	8	0	0	15.5555555556	orig=60F
1873	7	4	8	0	0	14.4444444444	orig=58F
1873	7	5	8	0	0	14.4444444444	orig=58F
1873	7	6	8	0	0	19.4444444444	orig=67F
1873	7	7	8	0	0	15	orig=59F
1873	7	8	8	0	0	13.3333333333	orig=56F
1873	7	9	8	0	0	13.8888888889	orig=57F
1873	7	10	8	0	0	13.8888888889	orig=57F
1873	7	11	8	0	0	13.8888888889	orig=57F
1873	7	12	8	0	0	13.3333333333	orig=56F
1873	7	13	8	0	0	12.7777777778	orig=55F
1873	7	14	8	0	0	13.3333333333	orig=56F
1873	7	15	8	0	0	13.8888888889	orig=57F
1873	7	16	8	0	0	13.3333333333	orig=56F
1873	7	17	8	0	0	13.8888888889	orig=57F
1873	7	18	8	0	0	13.8888888889	orig=57F
1873	7	19	8	0	0	13.8888888889	orig=57F
1873	7	20	8	0	0	15.5555555556	orig=60F
1873	7	21	8	0	0	16.6666666667	orig=62F
1873	7	22	8	0	0	23.3333333333	orig=74F
1873	7	23	8	0	0	16.1111111111	orig=61F
1873	7	24	8	0	0	16.6666666667	orig=62F
1873	7	25	8	0	0	15	orig=59F
1873	7	26	8	0	0	14.4444444444	orig=58F
1873	7	27	8	0	0	16.1111111111	orig=61F
1873	7	28	8	0	0	15	orig=59F
1873	7	29	8	0	0	13.8888888889	orig=57F
1873	7	30	8	0	0	14.4444444444	orig=58F
1873	7	31	8	0	0	14.4444444444	orig=58F
1873	8	1	8	0	0	14.4444444444	orig=58F
1873	8	2	8	0	0	15	orig=59F
1873	8	3	8	0	0	14.4444444444	orig=58F
1873	8	4	8	0	0	14.4444444444	orig=58F
1873	8	5	8	0	0	14.4444444444	orig=58F
1873	8	6	8	0	0	15	orig=59F
1873	8	7	8	0	0	14.4444444444	orig=58F
1873	8	8	8	0	0	13.8888888889	orig=57F
1873	8	9	8	0	0	12.7777777778	orig=55F
1873	8	10	8	0	0	13.3333333333	orig=56F
1873	8	11	8	0	0	11.1111111111	orig=52F
1873	8	12	8	0	0	14.4444444444	orig=58F
1873	8	13	8	0	0	15	orig=59F
1873	8	14	8	0	0	15	orig=59F
1873	8	15	8	0	0	14.4444444444	orig=58F
1873	8	16	8	0	0	14.4444444444	orig=58F
1873	8	17	8	0	0	13.3333333333	orig=56F
1873	8	18	8	0	0	13.3333333333	orig=56F
1873	8	19	8	0	0	14.4444444444	orig=58F
1873	8	20	8	0	0	11.6666666667	orig=53F
1873	8	21	8	0	0	12.7777777778	orig=55F
1873	8	22	8	0	0	12.7777777778	orig=55F
1873	8	23	8	0	0	13.3333333333	orig=56F
1873	8	24	8	0	0	13.8888888889	orig=57F
1873	8	25	8	0	0	13.8888888889	orig=57F
1873	8	26	8	0	0	16.1111111111	orig=61F
1873	8	27	8	0	0	15	orig=59F
1873	8	28	8	0	0	14.4444444444	orig=58F
1873	8	29	8	0	0	12.7777777778	orig=55F
1873	8	30	8	0	0	13.3333333333	orig=56F
1873	8	31	8	0	0	11.6666666667	orig=53F
1873	9	1	8	0	0	14.4444444444	orig=58F
1873	9	2	8	0	0	11.6666666667	orig=53F
1873	9	3	8	0	0	12.2222222222	orig=54F
1873	9	4	8	0	0	12.2222222222	orig=54F
1873	9	5	8	0	0	10.5555555556	orig=51F
1873	9	6	8	0	0	10.5555555556	orig=51F
1873	9	7	8	0	0	8.88888888889	orig=48F
1873	9	8	8	0	0	11.1111111111	orig=52F
1873	9	9	8	0	0	10	orig=50F
1873	9	10	8	0	0	13.3333333333	orig=56F
1873	9	11	8	0	0	12.7777777778	orig=55F
1873	9	12	8	0	0	12.2222222222	orig=54F
1873	9	13	8	0	0	11.6666666667	orig=53F
1873	9	14	8	0	0	12.7777777778	orig=55F
1873	9	15	8	0	0	10.5555555556	orig=51F
1873	9	16	8	0	0	11.6666666667	orig=53F
1873	9	17	8	0	0	13.3333333333	orig=56F
1873	9	18	8	0	0	11.6666666667	orig=53F
1873	9	19	8	0	0	12.2222222222	orig=54F
1873	9	20	8	0	0	14.4444444444	orig=58F
1873	9	21	8	0	0	11.1111111111	orig=52F
1873	9	22	8	0	0	11.6666666667	orig=53F
1873	9	23	8	0	0	12.2222222222	orig=54F
1873	9	24	8	0	0	9.44444444444	orig=49F
1873	9	25	8	0	0	12.2222222222	orig=54F
1873	9	26	8	0	0	12.7777777778	orig=55F
1873	9	27	8	0	0	17.2222222222	orig=63F
1873	9	28	8	0	0	11.1111111111	orig=52F
1873	9	29	8	0	0	10.5555555556	orig=51F
1873	9	30	8	0	0	7.77777777778	orig=46F
1873	10	1	8	0	0	10.5555555556	orig=51F
1873	10	2	8	0	0	11.1111111111	orig=52F
1873	10	3	8	0	0	10.5555555556	orig=51F
1873	10	4	8	0	0	10	orig=50F
1873	10	5	8	0	0	11.1111111111	orig=52F
1873	10	6	8	0	0	8.88888888889	orig=48F
1873	10	7	8	0	0	9.44444444444	orig=49F
1873	10	8	8	0	0	4.44444444444	orig=40F
1873	10	9	8	0	0	5	orig=41F
1873	10	10	8	0	0	12.7777777778	orig=55F
1873	10	11	8	0	0	11.6666666667	orig=53F
1873	10	12	8	0	0	10.5555555556	orig=51F
1873	10	13	8	0	0	4.44444444444	orig=40F
1873	10	14	8	0	0	7.77777777778	orig=46F
1873	10	15	8	0	0	8.33333333333	orig=47F
1873	10	16	8	0	0	10.5555555556	orig=51F
1873	10	17	8	0	0	11.1111111111	orig=52F
1873	10	18	8	0	0	11.6666666667	orig=53F
1873	10	19	8	0	0	6.66666666667	orig=44F
1873	10	20	8	0	0	7.77777777778	orig=46F
1873	10	21	8	0	0	8.88888888889	orig=48F
1873	10	22	8	0	0	8.33333333333	orig=47F
1873	10	23	8	0	0	6.11111111111	orig=43F
1873	10	24	8	0	0	1.66666666667	orig=35F
1873	10	25	8	0	0	2.77777777778	orig=37F
1873	10	26	8	0	0	5	orig=41F
1873	10	27	8	0	0	0	orig=32F
1873	10	28	8	0	0	8.33333333333	orig=47F
1873	10	29	8	0	0	10	orig=50F
1873	10	30	8	0	0	8.88888888889	orig=48F
1873	10	31	8	0	0	8.88888888889	orig=48F
1873	11	1	8	0	0	7.22222222222	orig=45F
1873	11	2	8	0	0	6.11111111111	orig=43F
1873	11	3	8	0	0	2.22222222222	orig=36F
1873	11	4	8	0	0	7.22222222222	orig=45F
1873	11	5	8	0	0	4.44444444444	orig=40F
1873	11	6	8	0	0	8.33333333333	orig=47F
1873	11	7	8	0	0	6.11111111111	orig=43F
1873	11	8	8	0	0	3.33333333333	orig=38F
1873	11	9	8	0	0	5.55555555556	orig=42F
1873	11	10	8	0	0	6.11111111111	orig=43F
1873	11	11	8	0	0	6.11111111111	orig=43F
1873	11	12	8	0	0	1.66666666667	orig=35F
1873	11	13	8	0	0	2.77777777778	orig=37F
1873	11	14	8	0	0	5.55555555556	orig=42F
1873	11	15	8	0	0	5	orig=41F
1873	11	16	8	0	0	1.11111111111	orig=34F
1873	11	17	8	0	0	0.555555555556	orig=33F
1873	11	18	8	0	0	0.555555555556	orig=33F
1873	11	19	8	0	0	3.88888888889	orig=39F
1873	11	20	8	0	0	7.22222222222	orig=45F
1873	11	21	8	0	0	7.77777777778	orig=46F
1873	11	22	8	0	0	10	orig=50F
1873	11	23	8	0	0	9.44444444444	orig=49F
1873	11	24	8	0	0	8.88888888889	orig=48F
1873	11	25	8	0	0	7.77777777778	orig=46F
1873	11	26	8	0	0	11.1111111111	orig=52F
1873	11	27	8	0	0	9.44444444444	orig=49F
1873	11	28	8	0	0	7.77777777778	orig=46F
1873	11	29	8	0	0	8.33333333333	orig=47F
1873	11	30	8	0	0	4.44444444444	orig=40F
1873	12	1	8	0	0	10.5555555556	orig=51F
1873	12	2	8	0	0	9.44444444444	orig=49F
1873	12	3	8	0	0	10	orig=50F
1873	12	4	8	0	0	9.44444444444	orig=49F
1873	12	5	8	0	0	11.1111111111	orig=52F
1873	12	6	8	0	0	1.11111111111	orig=34F
1873	12	7	8	0	0	9.44444444444	orig=49F
1873	12	8	8	0	0	10	orig=50F
1873	12	9	8	0	0	9.44444444444	orig=49F
1873	12	10	8	0	0	10	orig=50F
1873	12	11	8	0	0	7.22222222222	orig=45F
1873	12	12	8	0	0	7.77777777778	orig=46F
1873	12	13	8	0	0	8.88888888889	orig=48F
1873	12	14	8	0	0	6.11111111111	orig=43F
1873	12	15	8	0	0	9.44444444444	orig=49F
1873	12	16	8	0	0	10.5555555556	orig=51F
1873	12	17	8	0	0	9.44444444444	orig=49F
1873	12	18	8	0	0	8.88888888889	orig=48F
1873	12	19	8	0	0	7.77777777778	orig=46F
1873	12	20	8	0	0	7.22222222222	orig=45F
1873	12	21	8	0	0	10	orig=50F
1873	12	22	8	0	0	7.22222222222	orig=45F
1873	12	23	8	0	0	8.88888888889	orig=48F
1873	12	24	8	0	0	3.88888888889	orig=39F
1873	12	25	8	0	0	10	orig=50F
1873	12	26	8	0	0	8.88888888889	orig=48F
1873	12	27	8	0	0	2.77777777778	orig=37F
1873	12	28	8	0	0	-0.555555555556	orig=31F
1873	12	29	8	0	0	6.11111111111	orig=43F
1873	12	30	8	0	0	10	orig=50F
1873	12	31	8	0	0	8.33333333333	orig=47F
1874	1	1	8	0	0	7.77777777778	orig=46F
1874	1	2	8	0	0	6.11111111111	orig=43F
1874	1	3	8	0	0	5.55555555556	orig=42F
1874	1	4	8	0	0	2.77777777778	orig=37F
1874	1	5	8	0	0	2.22222222222	orig=36F
1874	1	6	8	0	0	8.33333333333	orig=47F
1874	1	7	8	0	0	8.33333333333	orig=47F
1874	1	8	8	0	0	6.11111111111	orig=43F
1874	1	9	8	0	0	6.11111111111	orig=43F
1874	1	10	8	0	0	6.66666666667	orig=44F
1874	1	11	8	0	0	6.11111111111	orig=43F
1874	1	12	8	0	0	6.11111111111	orig=43F
1874	1	13	8	0	0	5.55555555556	orig=42F
1874	1	14	8	0	0	9.44444444444	orig=49F
1874	1	15	8	0	0	9.44444444444	orig=49F
1874	1	16	8	0	0	3.88888888889	orig=39F
1874	1	17	8	0	0	1.66666666667	orig=35F
1874	1	18	8	0	0	8.33333333333	orig=47F
1874	1	19	8	0	0	6.11111111111	orig=43F
1874	1	20	8	0	0	8.33333333333	orig=47F
1874	1	21	8	0	0	7.22222222222	orig=45F
1874	1	22	8	0	0	7.77777777778	orig=46F
1874	1	23	8	0	0	7.77777777778	orig=46F
1874	1	24	8	0	0	4.44444444444	orig=40F
1874	1	25	8	0	0	6.66666666667	orig=44F
1874	1	26	8	0	0	11.1111111111	orig=52F
1874	1	27	8	0	0	7.77777777778	orig=46F
1874	1	28	8	0	0	8.88888888889	orig=48F
1874	1	29	8	0	0	7.77777777778	orig=46F
1874	1	30	8	0	0	6.66666666667	orig=44F
1874	1	31	8	0	0	8.33333333333	orig=47F
1874	2	1	8	0	0	7.77777777778	orig=46F
1874	2	2	8	0	0	7.22222222222	orig=45F
1874	2	3	8	0	0	6.66666666667	orig=44F
1874	2	4	8	0	0	6.11111111111	orig=43F
1874	2	5	8	0	0	6.11111111111	orig=43F
1874	2	6	8	0	0	3.88888888889	orig=39F
1874	2	7	8	0	0	6.11111111111	orig=43F
1874	2	8	8	0	0	3.33333333333	orig=38F
1874	2	9	8	0	0	-3.33333333333	orig=26F
1874	2	10	8	0	0	-1.11111111111	orig=30F
1874	2	11	8	0	0	-3.33333333333	orig=26F
1874	2	12	8	0	0	1.66666666667	orig=35F
1874	2	13	8	0	0	6.11111111111	orig=43F
1874	2	14	8	0	0	8.33333333333	orig=47F
1874	2	15	8	0	0	7.77777777778	orig=46F
1874	2	16	8	0	0	7.22222222222	orig=45F
1874	2	17	8	0	0	6.11111111111	orig=43F
1874	2	18	8	0	0	3.88888888889	orig=39F
1874	2	19	8	0	0	1.11111111111	orig=34F
1874	2	20	8	0	0	6.66666666667	orig=44F
1874	2	21	8	0	0	8.88888888889	orig=48F
1874	2	22	8	0	0	1.11111111111	orig=34F
1874	2	23	8	0	0	2.77777777778	orig=37F
1874	2	24	8	0	0	8.33333333333	orig=47F
1874	2	25	8	0	0	5	orig=41F
1874	2	26	8	0	0	5	orig=41F
1874	2	27	8	0	0	6.66666666667	orig=44F
1874	2	28	8	0	0	5.55555555556	orig=42F
1874	3	1	8	0	0	6.66666666667	orig=44F
1874	3	2	8	0	0	6.11111111111	orig=43F
1874	3	3	8	0	0	8.33333333333	orig=47F
1874	3	4	8	0	0	7.77777777778	orig=46F
1874	3	5	8	0	0	8.33333333333	orig=47F
1874	3	6	8	0	0	1.66666666667	orig=35F
1874	3	7	8	0	0	6.11111111111	orig=43F
1874	3	8	8	0	0	7.77777777778	orig=46F
1874	3	9	8	0	0	0.555555555556	orig=33F
1874	3	10	8	0	0	-1.11111111111	orig=30F
1874	3	11	8	0	0	-1.11111111111	orig=30F
1874	3	12	8	0	0	6.66666666667	orig=44F
1874	3	13	8	0	0	7.22222222222	orig=45F
1874	3	14	8	0	0	8.88888888889	orig=48F
1874	3	15	8	0	0	9.44444444444	orig=49F
1874	3	16	8	0	0	8.33333333333	orig=47F
1874	3	17	8	0	0	11.1111111111	orig=52F
1874	3	18	8	0	0	8.88888888889	orig=48F
1874	3	19	8	0	0	5	orig=41F
1874	3	20	8	0	0	6.11111111111	orig=43F
1874	3	21	8	0	0	8.33333333333	orig=47F
1874	3	22	8	0	0	8.33333333333	orig=47F
1874	3	23	8	0	0	8.88888888889	orig=48F
1874	3	24	8	0	0	8.88888888889	orig=48F
1874	3	25	8	0	0	5.55555555556	orig=42F
1874	3	26	8	0	0	7.22222222222	orig=45F
1874	3	27	8	0	0	8.88888888889	orig=48F
1874	3	28	8	0	0	7.77777777778	orig=46F
1874	3	29	8	0	0	7.77777777778	orig=46F
1874	3	30	8	0	0	8.33333333333	orig=47F
1874	3	31	8	0	0	8.88888888889	orig=48F
1874	4	1	8	0	0	6.66666666667	orig=44F
1874	4	2	8	0	0	8.33333333333	orig=47F
1874	4	3	8	0	0	7.22222222222	orig=45F
1874	4	4	8	0	0	4.44444444444	orig=40F
1874	4	5	8	0	0	6.66666666667	orig=44F
1874	4	6	8	0	0	8.33333333333	orig=47F
1874	4	7	8	0	0	7.22222222222	orig=45F
1874	4	8	8	0	0	6.66666666667	orig=44F
1874	4	9	8	0	0	8.33333333333	orig=47F
1874	4	10	8	0	0	6.66666666667	orig=44F
1874	4	11	8	0	0	5	orig=41F
1874	4	12	8	0	0	6.11111111111	orig=43F
1874	4	13	8	0	0	4.44444444444	orig=40F
1874	4	14	8	0	0	8.88888888889	orig=48F
1874	4	15	8	0	0	8.33333333333	orig=47F
1874	4	16	8	0	0	8.33333333333	orig=47F
1874	4	17	8	0	0	7.77777777778	orig=46F
1874	4	18	8	0	0	7.22222222222	orig=45F
1874	4	19	8	0	0	10	orig=50F
1874	4	20	8	0	0	10	orig=50F
1874	4	21	8	0	0	11.6666666667	orig=53F
1874	4	22	8	0	0	10	orig=50F
1874	4	23	8	0	0	9.44444444444	orig=49F
1874	4	24	8	0	0	11.1111111111	orig=52F
1874	4	25	8	0	0	12.2222222222	orig=54F
1874	4	26	8	0	0	15.5555555556	orig=60F
1874	4	27	8	0	0	10.5555555556	orig=51F
1874	4	28	8	0	0	9.44444444444	orig=49F
1874	4	29	8	0	0	10.5555555556	orig=51F
1874	4	30	8	0	0	10	orig=50F
1874	5	1	8	0	0	9.44444444444	orig=49F
1874	5	2	8	0	0	8.88888888889	orig=48F
1874	5	3	8	0	0	8.88888888889	orig=48F
1874	5	4	8	0	0	8.33333333333	orig=47F
1874	5	5	8	0	0	8.88888888889	orig=48F
1874	5	6	8	0	0	6.66666666667	orig=44F
1874	5	7	8	0	0	7.77777777778	orig=46F
1874	5	8	8	0	0	6.66666666667	orig=44F
1874	5	9	8	0	0	6.66666666667	orig=44F
1874	5	10	8	0	0	8.33333333333	orig=47F
1874	5	11	8	0	0	10.5555555556	orig=51F
1874	5	12	8	0	0	9.44444444444	orig=49F
1874	5	13	8	0	0	7.77777777778	orig=46F
1874	5	14	8	0	0	8.88888888889	orig=48F
1874	5	15	8	0	0	7.77777777778	orig=46F
1874	5	16	8	0	0	8.88888888889	orig=48F
1874	5	17	8	0	0	12.7777777778	orig=55F
1874	5	18	8	0	0	10	orig=50F
1874	5	19	8	0	0	11.1111111111	orig=52F
1874	5	20	8	0	0	10	orig=50F
1874	5	21	8	0	0	8.88888888889	orig=48F
1874	5	22	8	0	0	10.5555555556	orig=51F
1874	5	23	8	0	0	9.44444444444	orig=49F
1874	5	25	8	0	0	10.5555555556	orig=51F
1874	5	26	8	0	0	10.5555555556	orig=51F
1874	5	27	8	0	0	11.6666666667	orig=53F
1874	5	28	8	0	0	12.2222222222	orig=54F
1874	5	29	8	0	0	11.1111111111	orig=52F
1874	5	30	8	0	0	12.2222222222	orig=54F
1874	5	31	8	0	0	12.7777777778	orig=55F
1874	6	1	8	0	0	11.6666666667	orig=53F
1874	6	2	8	0	0	12.7777777778	orig=55F
1874	6	3	8	0	0	11.6666666667	orig=53F
1874	6	4	8	0	0	13.3333333333	orig=56F
1874	6	5	8	0	0	12.7777777778	orig=55F
1874	6	6	8	0	0	12.7777777778	orig=55F
1874	6	7	8	0	0	11.6666666667	orig=53F
1874	6	8	8	0	0	13.8888888889	orig=57F
1874	6	9	8	0	0	12.7777777778	orig=55F
1874	6	10	8	0	0	11.1111111111	orig=52F
1874	6	11	8	0	0	13.8888888889	orig=57F
1874	6	12	8	0	0	10	orig=50F
1874	6	13	8	0	0	11.1111111111	orig=52F
1874	6	14	8	0	0	16.1111111111	orig=61F
1874	6	15	8	0	0	14.4444444444	orig=58F
1874	6	16	8	0	0	13.8888888889	orig=57F
1874	6	17	8	0	0	15.5555555556	orig=60F
1874	6	18	8	0	0	13.3333333333	orig=56F
1874	6	19	8	0	0	14.4444444444	orig=58F
1874	6	20	8	0	0	11.1111111111	orig=52F
1874	6	21	8	0	0	15.5555555556	orig=60F
1874	6	22	8	0	0	13.3333333333	orig=56F
1874	6	23	8	0	0	14.4444444444	orig=58F
1874	6	25	8	0	0	14.4444444444	orig=58F
1874	6	26	8	0	0	13.3333333333	orig=56F
1874	6	27	8	0	0	13.8888888889	orig=57F
1874	6	28	8	0	0	17.7777777778	orig=64F
1874	6	29	8	0	0	14.4444444444	orig=58F
1874	6	30	8	0	0	14.4444444444	orig=58F
1874	7	1	8	0	0	15	orig=59F
1874	7	2	8	0	0	15	orig=59F
1874	7	3	8	0	0	15	orig=59F
1874	7	4	8	0	0	13.3333333333	orig=56F
1874	7	5	8	0	0	13.3333333333	orig=56F
1874	7	6	8	0	0	14.4444444444	orig=58F
1874	7	7	8	0	0	14.4444444444	orig=58F
1874	7	8	8	0	0	15	orig=59F
1874	7	9	8	0	0	16.1111111111	orig=61F
1874	7	10	8	0	0	13.8888888889	orig=57F
1874	7	11	8	0	0	13.8888888889	orig=57F
1874	7	12	8	0	0	15	orig=59F
1874	7	13	8	0	0	15	orig=59F
1874	7	14	8	0	0	16.1111111111	orig=61F
1874	7	15	8	0	0	15.5555555556	orig=60F
1874	7	16	8	0	0	16.1111111111	orig=61F
1874	7	17	8	0	0	19.4444444444	orig=67F
1874	7	18	8	0	0	19.4444444444	orig=67F
1874	7	19	8	0	0	19.4444444444	orig=67F
1874	7	20	8	0	0	16.1111111111	orig=61F
1874	7	21	8	0	0	15.5555555556	orig=60F
1874	7	22	8	0	0	16.6666666667	orig=62F
1874	7	23	8	0	0	15.5555555556	orig=60F
1874	7	24	8	0	0	14.4444444444	orig=58F
1874	7	25	8	0	0	15.5555555556	orig=60F
1874	7	26	8	0	0	15	orig=59F
1874	7	27	8	0	0	15	orig=59F
1874	7	28	8	0	0	12.2222222222	orig=54F
1874	7	29	8	0	0	14.4444444444	orig=58F
1874	7	30	8	0	0	15.5555555556	orig=60F
1874	7	31	8	0	0	15.5555555556	orig=60F
1874	8	1	8	0	0	15.5555555556	orig=60F
1874	8	2	8	0	0	16.1111111111	orig=61F
1874	8	3	8	0	0	13.8888888889	orig=57F
1874	8	4	8	0	0	11.6666666667	orig=53F
1874	8	5	8	0	0	12.7777777778	orig=55F
1874	8	6	8	0	0	13.3333333333	orig=56F
1874	8	7	8	0	0	15.5555555556	orig=60F
1874	8	8	8	0	0	13.3333333333	orig=56F
1874	8	9	8	0	0	13.3333333333	orig=56F
1874	8	10	8	0	0	13.3333333333	orig=56F
1874	8	11	8	0	0	14.4444444444	orig=58F
1874	8	12	8	0	0	13.8888888889	orig=57F
1874	8	13	8	0	0	13.3333333333	orig=56F
1874	8	14	8	0	0	13.3333333333	orig=56F
1874	8	15	8	0	0	11.1111111111	orig=52F
1874	8	16	8	0	0	13.3333333333	orig=56F
1874	8	17	8	0	0	13.8888888889	orig=57F
1874	8	18	8	0	0	15.5555555556	orig=60F
1874	8	19	8	0	0	15.5555555556	orig=60F
1874	8	20	8	0	0	15.5555555556	orig=60F
1874	8	21	8	0	0	15	orig=59F
1874	8	22	8	0	0	16.1111111111	orig=61F
1874	8	23	8	0	0	13.3333333333	orig=56F
1874	8	24	8	0	0	12.7777777778	orig=55F
1874	8	25	8	0	0	13.8888888889	orig=57F
1874	8	26	8	0	0	15	orig=59F
1874	8	27	8	0	0	15.5555555556	orig=60F
1874	8	28	8	0	0	13.3333333333	orig=56F
1874	8	29	8	0	0	12.7777777778	orig=55F
1874	8	30	8	0	0	13.3333333333	orig=56F
1874	8	31	8	0	0	13.3333333333	orig=56F
1874	9	1	8	0	0	16.1111111111	orig=61F
1874	9	2	8	0	0	14.4444444444	orig=58F
1874	9	3	8	0	0	13.8888888889	orig=57F
1874	9	4	8	0	0	12.7777777778	orig=55F
1874	9	5	8	0	0	12.2222222222	orig=54F
1874	9	6	8	0	0	10	orig=50F
1874	9	7	8	0	0	12.2222222222	orig=54F
1874	9	8	8	0	0	12.7777777778	orig=55F
1874	9	9	8	0	0	11.6666666667	orig=53F
1874	9	10	8	0	0	12.2222222222	orig=54F
1874	9	11	8	0	0	12.2222222222	orig=54F
1874	9	12	8	0	0	11.6666666667	orig=53F
1874	9	13	8	0	0	10.5555555556	orig=51F
1874	9	14	8	0	0	13.3333333333	orig=56F
1874	9	15	8	0	0	14.4444444444	orig=58F
1874	9	16	8	0	0	10.5555555556	orig=51F
1874	9	17	8	0	0	11.6666666667	orig=53F
1874	9	18	8	0	0	12.7777777778	orig=55F
1874	9	19	8	0	0	13.3333333333	orig=56F
1874	9	20	8	0	0	13.8888888889	orig=57F
1874	9	21	8	0	0	13.3333333333	orig=56F
1874	9	22	8	0	0	12.2222222222	orig=54F
1874	9	23	8	0	0	13.8888888889	orig=57F
1874	9	24	8	0	0	13.3333333333	orig=56F
1874	9	25	8	0	0	12.2222222222	orig=54F
1874	9	26	8	0	0	12.2222222222	orig=54F
1874	9	27	8	0	0	13.3333333333	orig=56F
1874	9	28	8	0	0	14.4444444444	orig=58F
1874	9	29	8	0	0	10.5555555556	orig=51F
1874	9	30	8	0	0	10.5555555556	orig=51F
1874	10	1	8	0	0	8.33333333333	orig=47F
1874	10	2	8	0	0	11.1111111111	orig=52F
1874	10	3	8	0	0	11.1111111111	orig=52F
1874	10	4	8	0	0	9.44444444444	orig=49F
1874	10	5	8	0	0	7.77777777778	orig=46F
1874	10	6	8	0	0	11.6666666667	orig=53F
1874	10	7	8	0	0	10.5555555556	orig=51F
1874	10	8	8	0	0	5	orig=41F
1874	10	9	8	0	0	11.1111111111	orig=52F
1874	10	10	8	0	0	12.7777777778	orig=55F
1874	10	11	8	0	0	11.6666666667	orig=53F
1874	10	12	8	0	0	10	orig=50F
1874	10	13	8	0	0	7.77777777778	orig=46F
1874	10	14	8	0	0	6.11111111111	orig=43F
1874	10	15	8	0	0	13.3333333333	orig=56F
1874	10	16	8	0	0	10	orig=50F
1874	10	17	8	0	0	12.7777777778	orig=55F
1874	10	18	8	0	0	12.7777777778	orig=55F
1874	10	19	8	0	0	9.44444444444	orig=49F
1874	10	20	8	0	0	9.44444444444	orig=49F
1874	10	21	8	0	0	9.44444444444	orig=49F
1874	10	22	8	0	0	8.88888888889	orig=48F
1874	10	23	8	0	0	7.22222222222	orig=45F
1874	10	24	8	0	0	10	orig=50F
1874	10	25	8	0	0	11.1111111111	orig=52F
1874	10	26	8	0	0	5	orig=41F
1874	10	27	8	0	0	10	orig=50F
1874	10	28	8	0	0	3.88888888889	orig=39F
1874	10	29	8	0	0	6.66666666667	orig=44F
1874	10	30	8	0	0	7.77777777778	orig=46F
1874	10	31	8	0	0	3.88888888889	orig=39F
1874	11	1	8	0	0	3.33333333333	orig=38F
1874	11	2	8	0	0	7.22222222222	orig=45F
1874	11	3	8	0	0	9.44444444444	orig=49F
1874	11	4	8	0	0	12.2222222222	orig=54F
1874	11	5	8	0	0	11.6666666667	orig=53F
1874	11	6	8	0	0	8.88888888889	orig=48F
1874	11	7	8	0	0	10	orig=50F
1874	11	8	8	0	0	11.1111111111	orig=52F
1874	11	9	8	0	0	11.6666666667	orig=53F
1874	11	10	8	0	0	6.66666666667	orig=44F
1874	11	11	8	0	0	3.88888888889	orig=39F
1874	11	12	8	0	0	1.11111111111	orig=34F
1874	11	13	8	0	0	5.55555555556	orig=42F
1874	11	14	8	0	0	8.88888888889	orig=48F
1874	11	15	8	0	0	9.44444444444	orig=49F
1874	11	16	8	0	0	7.22222222222	orig=45F
1874	11	17	8	0	0	5.55555555556	orig=42F
1874	11	18	8	0	0	7.22222222222	orig=45F
1874	11	19	8	0	0	8.88888888889	orig=48F
1874	11	20	8	0	0	6.66666666667	orig=44F
1874	11	21	8	0	0	3.33333333333	orig=38F
1874	11	22	8	0	0	1.66666666667	orig=35F
1874	11	23	8	0	0	2.22222222222	orig=36F
1874	11	24	8	0	0	5	orig=41F
1874	11	25	8	0	0	6.11111111111	orig=43F
1874	11	26	8	0	0	7.22222222222	orig=45F
1874	11	27	8	0	0	3.88888888889	orig=39F
1874	11	28	8	0	0	1.66666666667	orig=35F
1874	11	29	8	0	0	4.44444444444	orig=40F
1874	11	30	8	0	0	3.33333333333	orig=38F
1874	12	1	8	0	0	2.22222222222	orig=36F
1874	12	2	8	0	0	-0.555555555556	orig=31F
1874	12	3	8	0	0	6.11111111111	orig=43F
1874	12	4	8	0	0	7.22222222222	orig=45F
1874	12	5	8	0	0	7.22222222222	orig=45F
1874	12	6	8	0	0	5.55555555556	orig=42F
1874	12	7	8	0	0	4.44444444444	orig=40F
1874	12	8	8	0	0	3.33333333333	orig=38F
1874	12	9	8	0	0	2.22222222222	orig=36F
1874	12	10	8	0	0	-3.33333333333	orig=26F
1874	12	11	8	0	0	1.11111111111	orig=34F
1874	12	12	8	0	0	2.77777777778	orig=37F
1874	12	13	8	0	0	1.11111111111	orig=34F
1874	12	14	8	0	0	1.66666666667	orig=35F
1874	12	15	8	0	0	-3.33333333333	orig=26F
1874	12	16	8	0	0	0.555555555556	orig=33F
1874	12	17	8	0	0	-3.33333333333	orig=26F
1874	12	18	8	0	0	5.55555555556	orig=42F
1874	12	19	8	0	0	4.44444444444	orig=40F
1874	12	20	8	0	0	5	orig=41F
1874	12	21	8	0	0	-0.555555555556	orig=31F
1874	12	22	8	0	0	-3.33333333333	orig=26F
1874	12	23	8	0	0	-5	orig=23F
1874	12	24	8	0	0	-0.555555555556	orig=31F
1874	12	25	8	0	0	0	orig=32F
1874	12	26	8	0	0	2.22222222222	orig=36F
1874	12	27	8	0	0	-3.88888888889	orig=25F
1874	12	28	8	0	0	-5.55555555556	orig=22F
1874	12	29	8	0	0	-4.44444444444	orig=24F
1874	12	30	8	0	0	-6.11111111111	orig=21F
1874	12	31	8	0	0	-2.22222222222	orig=28F
1875	1	1	8	0	0	-1.11111111111	orig=30F
1875	1	2	8	0	0	6.11111111111	orig=43F
1875	1	3	8	0	0	8.33333333333	orig=47F
1875	1	4	8	0	0	3.88888888889	orig=39F
1875	1	5	8	0	0	7.22222222222	orig=45F
1875	1	6	8	0	0	8.33333333333	orig=47F
1875	1	7	8	0	0	7.77777777778	orig=46F
1875	1	8	8	0	0	3.33333333333	orig=38F
1875	1	9	8	0	0	6.66666666667	orig=44F
1875	1	10	8	0	0	7.22222222222	orig=45F
1875	1	11	8	0	0	5.55555555556	orig=42F
1875	1	12	8	0	0	6.66666666667	orig=44F
1875	1	13	8	0	0	8.33333333333	orig=47F
1875	1	14	8	0	0	8.88888888889	orig=48F
1875	1	15	8	0	0	10	orig=50F
1875	1	16	8	0	0	8.33333333333	orig=47F
1875	1	17	8	0	0	5.55555555556	orig=42F
1875	1	18	8	0	0	9.44444444444	orig=49F
1875	1	19	8	0	0	10.5555555556	orig=51F
1875	1	20	8	0	0	7.22222222222	orig=45F
1875	1	21	8	0	0	1.11111111111	orig=34F
1875	1	22	8	0	0	3.33333333333	orig=38F
1875	1	23	8	0	0	1.66666666667	orig=35F
1875	1	24	8	0	0	5	orig=41F
1875	1	25	8	0	0	3.33333333333	orig=38F
1875	1	26	8	0	0	1.11111111111	orig=34F
1875	1	27	8	0	0	8.88888888889	orig=48F
1875	1	28	8	0	0	8.88888888889	orig=48F
1875	1	29	8	0	0	3.33333333333	orig=38F
1875	1	30	8	0	0	1.11111111111	orig=34F
1875	1	31	8	0	0	7.77777777778	orig=46F
1875	2	1	8	0	0	8.33333333333	orig=47F
1875	2	2	8	0	0	5.55555555556	orig=42F
1875	2	3	8	0	0	5	orig=41F
1875	2	4	8	0	0	-2.22222222222	orig=28F
1875	2	5	8	0	0	-1.66666666667	orig=29F
1875	2	6	8	0	0	2.77777777778	orig=37F
1875	2	7	8	0	0	3.33333333333	orig=38F
1875	2	8	8	0	0	2.22222222222	orig=36F
1875	2	9	8	0	0	1.11111111111	orig=34F
1875	2	10	8	0	0	1.11111111111	orig=34F
1875	2	11	8	0	0	5.55555555556	orig=42F
1875	2	12	8	0	0	3.33333333333	orig=38F
1875	2	13	8	0	0	7.77777777778	orig=46F
1875	2	14	8	0	0	7.22222222222	orig=45F
1875	2	15	8	0	0	7.77777777778	orig=46F
1875	2	16	8	0	0	7.77777777778	orig=46F
1875	2	17	8	0	0	3.33333333333	orig=38F
1875	2	18	8	0	0	0.555555555556	orig=33F
1875	2	19	8	0	0	1.11111111111	orig=34F
1875	2	20	8	0	0	1.66666666667	orig=35F
1875	2	21	8	0	0	2.22222222222	orig=36F
1875	2	22	8	0	0	2.22222222222	orig=36F
1875	2	23	8	0	0	-0.555555555556	orig=31F
1875	2	24	8	0	0	0	orig=32F
1875	2	25	8	0	0	2.22222222222	orig=36F
1875	2	26	8	0	0	3.88888888889	orig=39F
1875	2	27	8	0	0	2.22222222222	orig=36F
1875	2	28	8	0	0	1.66666666667	orig=35F
1875	3	1	8	0	0	1.11111111111	orig=34F
1875	3	2	8	0	0	2.22222222222	orig=36F
1875	3	3	8	0	0	2.22222222222	orig=36F
1875	3	4	8	0	0	-0.555555555556	orig=31F
1875	3	5	8	0	0	-0.555555555556	orig=31F
1875	3	7	8	0	0	8.33333333333	orig=47F
1875	3	8	8	0	0	8.33333333333	orig=47F
1875	3	9	8	0	0	4.44444444444	orig=40F
1875	3	10	8	0	0	1.66666666667	orig=35F
1875	3	11	8	0	0	1.66666666667	orig=35F
1875	3	12	8	0	0	2.77777777778	orig=37F
1875	3	13	8	0	0	2.77777777778	orig=37F
1875	3	14	8	0	0	3.88888888889	orig=39F
1875	3	15	8	0	0	1.66666666667	orig=35F
1875	3	16	8	0	0	0.555555555556	orig=33F
1875	3	17	8	0	0	3.33333333333	orig=38F
1875	3	18	8	0	0	3.33333333333	orig=38F
1875	3	19	8	0	0	5.55555555556	orig=42F
1875	3	20	8	0	0	0.555555555556	orig=33F
1875	3	21	8	0	0	5	orig=41F
1875	3	22	8	0	0	7.77777777778	orig=46F
1875	3	23	8	0	0	7.22222222222	orig=45F
1875	3	24	8	0	0	7.22222222222	orig=45F
1875	3	25	8	0	0	8.33333333333	orig=47F
1875	3	26	8	0	0	8.33333333333	orig=47F
1875	3	27	8	0	0	6.66666666667	orig=44F
1875	3	28	8	0	0	6.66666666667	orig=44F
1875	3	29	8	0	0	6.66666666667	orig=44F
1875	3	30	8	0	0	8.33333333333	orig=47F
1875	3	31	8	0	0	8.33333333333	orig=47F
